<!doctype html><html lang="sr"><meta charset="UTF-8"><meta name="viewport"content="width=device-width,initial-scale=1"><title>Наплатне рампе</title><link rel="apple-touch-icon"sizes="180x180"href="./apple-touch-icon.png"><link rel="icon"type="image/png"sizes="32x32"href="./favicon-32x32.png"><link rel="icon"type="image/png"sizes="16x16"href="./favicon-16x16.png"><link rel="manifest"href="./site.webmanifest"><link rel="mask-icon"href="./safari-pinned-tab.svg"color="#5bbad5"><meta name="msapplication-TileColor"content="#2b5797"><meta name="theme-color"content="#ffffff"><style>*,::after,::before{box-sizing:border-box}ol[class],ul[class]{padding:0}blockquote,body,dd,dl,figcaption,figure,h1,h2,h3,h4,li,ol[class],p,ul[class]{margin:0}body{min-height:100vh;scroll-behavior:smooth;text-rendering:optimizeSpeed;line-height:1.5}ol[class],ul[class]{list-style:none}a:not([class]){text-decoration-skip-ink:auto}img{max-width:100%;display:block}article>*+*{margin-top:1em}button,input,select,textarea{font:inherit}@media (prefers-reduced-motion:reduce){*{animation-duration:0s!important;animation-iteration-count:1!important;transition-duration:0s!important;scroll-behavior:auto!important}}body{padding:2em}details{text-align:center;margin-bottom:1.5em}summary{cursor:pointer}details>p{padding:0 4em}ul{text-align:center;list-style-position:inside}#напомена{display:inline-block;padding:.5em;border:1px solid #2c3e50;margin-bottom:1em}#бирач{display:flex;justify-content:center;max-width:800px;margin:0 auto;align-items:flex-end}#замена{cursor:pointer;background-color:#2c3e50;margin:0 1em;border:0;width:3em;height:3em}.селект{cursor:pointer;background:#2c3e50;color:#fff;height:3em;line-height:3;border-radius:.25em;padding:0 .5em}#резултат{margin:2em auto;text-align:center;font-size:1.2em}table{border:none;border-collapse:collapse}table td,table th{border-left:1px solid #2c3e50;padding-left:2em}table td:first-child,table th:first-child{border-left:none;padding-right:1em}table td:last-child,table th:last-child{padding-left:1em}#времена{font-size:1.125em;text-align:center}@media only screen and (max-width:600px){body{padding:2em 1em}ul{padding:0}details>p{padding:0 1em}#бирач{flex-direction:column;align-items:center}#замена{margin:1em}}</style><script type="text/javascript">for(var IDMap={"Adaševci":43,Aleksinac:28,"Aleksinački Rudnici":27,"Batočina":21,"Bačka Topola":2,"Bela Palanka":58,Beograd:11,"Beška":8,Brestovac:31,"Bujanovac jug":39,"Bujanovac sever":38,Dimitrovgrad:41,Doljevac:30,"Feketić":3,Grdelica:34,"Inđija":10,Jagodina:22,Kolari:15,Kovilj:7,Kuzmin:44,Lajkovac:52,Lapovo:20,"Leskovac centar":32,"Leskovac jug":33,Ljig:53,"Mali Požarevac":12,Maradik:9,Markovac:19,"Merošina":54,"Morović":61,"Niš Malča":57,"Niš istok":56,"Niš jug":29,"Niš sever":55,"Novi Sad":6,Obrenovac:50,"Pakovraće":62,"Paraćin":24,"Pećinci":47,"Pirot istok":60,"Pirot zapad":59,Pojate:25,"Požarevac":17,Predejane:35,Preljina:49,"Preševo":40,"Ražanj":26,Ruma:46,Smederevo:16,"Sremska Mitrovica":45,Subotica:0,Takovo:48,Ub:51,"Umčari":13,"Velika Plana":18,"Vladičin Han":36,Vodanj:14,Vranje:37,Vrbas:4,Zmajevo:5,"Ćuprija":23,"Šid":42,"Žednik":1},удаљености=[],i=0;i<62;i++){удаљености.push([]);for(var j=0;j<62;j++)удаљености[i].push(i===j?0:null)}удаљености[IDMap["Niš istok"]][IDMap["Niš Malča"]]=7.8,удаљености[IDMap["Niš Malča"]][IDMap["Niš istok"]]=8.2,удаљености[IDMap["Niš istok"]][IDMap["Niš sever"]]=7.1,удаљености[IDMap["Niš sever"]][IDMap["Niš istok"]]=8.8,удаљености[IDMap["Niš istok"]][IDMap["Niš jug"]]=14.7,удаљености[IDMap["Niš jug"]][IDMap["Niš istok"]]=13.1,удаљености[IDMap["Niš istok"]][IDMap.Doljevac]=30.1,удаљености[IDMap.Doljevac][IDMap["Niš istok"]]=29.5,удаљености[IDMap["Niš istok"]][IDMap.Subotica]=411,удаљености[IDMap.Subotica][IDMap["Niš istok"]]=413,удаљености[IDMap["Niš istok"]][IDMap.Beograd]=215,удаљености[IDMap.Beograd][IDMap["Niš istok"]]=216,удаљености[IDMap["Niš istok"]][IDMap.Aleksinac]=31.8,удаљености[IDMap.Aleksinac][IDMap["Niš istok"]]=31.1,удаљености[IDMap["Niš istok"]][IDMap["Aleksinački Rudnici"]]=35.6,удаљености[IDMap["Aleksinački Rudnici"]][IDMap["Niš istok"]]=36.8,удаљености[IDMap["Niš istok"]][IDMap["Batočina"]]=126,удаљености[IDMap["Batočina"]][IDMap["Niš istok"]]=127,удаљености[IDMap["Niš istok"]][IDMap["Bela Palanka"]]=37,удаљености[IDMap["Bela Palanka"]][IDMap["Niš istok"]]=37,удаљености[IDMap["Niš istok"]][IDMap.Brestovac]=36.3,удаљености[IDMap.Brestovac][IDMap["Niš istok"]]=35.8,удаљености[IDMap["Niš istok"]][IDMap["Preševo"]]=154,удаљености[IDMap["Preševo"]][IDMap["Niš istok"]]=153,удаљености[IDMap["Niš istok"]][IDMap.Dimitrovgrad]=86.3,удаљености[IDMap.Dimitrovgrad][IDMap["Niš istok"]]=86.2,удаљености[IDMap["Niš istok"]][IDMap.Grdelica]=71.1,удаљености[IDMap.Grdelica][IDMap["Niš istok"]]=69.9,удаљености[IDMap["Niš istok"]][IDMap.Jagodina]=105,удаљености[IDMap.Jagodina][IDMap["Niš istok"]]=105,удаљености[IDMap["Niš istok"]][IDMap.Kolari]=184,удаљености[IDMap.Kolari][IDMap["Niš istok"]]=184,удаљености[IDMap["Niš istok"]][IDMap.Kuzmin]=327,удаљености[IDMap.Kuzmin][IDMap["Niš istok"]]=328,удаљености[IDMap["Niš istok"]][IDMap["Leskovac centar"]]=43.6,удаљености[IDMap["Leskovac centar"]][IDMap["Niš istok"]]=42.9,удаљености[IDMap["Niš istok"]][IDMap["Leskovac jug"]]=59.8,удаљености[IDMap["Leskovac jug"]][IDMap["Niš istok"]]=59.8,удаљености[IDMap["Niš istok"]][IDMap["Mali Požarevac"]]=203,удаљености[IDMap["Mali Požarevac"]][IDMap["Niš istok"]]=203,удаљености[IDMap["Niš istok"]][IDMap.Markovac]=137,удаљености[IDMap.Markovac][IDMap["Niš istok"]]=137,удаљености[IDMap["Niš istok"]][IDMap["Merošina"]]=19.6,удаљености[IDMap["Merošina"]][IDMap["Niš istok"]]=19,удаљености[IDMap["Niš istok"]][IDMap["Paraćin"]]=81.1,удаљености[IDMap["Paraćin"]][IDMap["Niš istok"]]=84.8,удаљености[IDMap["Niš istok"]][IDMap["Pirot istok"]]=61.1,удаљености[IDMap["Pirot istok"]][IDMap["Niš istok"]]=60.8,удаљености[IDMap["Niš istok"]][IDMap["Pirot zapad"]]=71.7,удаљености[IDMap["Pirot zapad"]][IDMap["Niš istok"]]=71.2,удаљености[IDMap["Niš istok"]][IDMap.Pojate]=69.3,удаљености[IDMap.Pojate][IDMap["Niš istok"]]=69.2,удаљености[IDMap["Niš istok"]][IDMap["Požarevac"]]=177,удаљености[IDMap["Požarevac"]][IDMap["Niš istok"]]=178,удаљености[IDMap["Niš istok"]][IDMap.Predejane]=81.3,удаљености[IDMap.Predejane][IDMap["Niš istok"]]=80.3,удаљености[IDMap["Niš istok"]][IDMap["Ražanj"]]=55.7,удаљености[IDMap["Ražanj"]][IDMap["Niš istok"]]=57.1,удаљености[IDMap["Niš istok"]][IDMap.Smederevo]=179,удаљености[IDMap.Smederevo][IDMap["Niš istok"]]=180,удаљености[IDMap["Niš istok"]][IDMap["Umčari"]]=196,удаљености[IDMap["Umčari"]][IDMap["Niš istok"]]=197,удаљености[IDMap["Niš istok"]][IDMap["Velika Plana"]]=149,удаљености[IDMap["Velika Plana"]][IDMap["Niš istok"]]=149,удаљености[IDMap["Niš istok"]][IDMap["Vladičin Han"]]=95.1,удаљености[IDMap["Vladičin Han"]][IDMap["Niš istok"]]=94.8,удаљености[IDMap["Niš istok"]][IDMap.Vranje]=118,удаљености[IDMap.Vranje][IDMap["Niš istok"]]=117,удаљености[IDMap["Niš istok"]][IDMap.Vodanj]=190,удаљености[IDMap.Vodanj][IDMap["Niš istok"]]=191,удаљености[IDMap["Niš istok"]][IDMap["Ćuprija"]]=91.7,удаљености[IDMap["Ćuprija"]][IDMap["Niš istok"]]=91.7,удаљености[IDMap["Niš istok"]][IDMap["Bujanovac sever"]]=132,удаљености[IDMap["Bujanovac sever"]][IDMap["Niš istok"]]=131,удаљености[IDMap["Niš istok"]][IDMap["Bujanovac jug"]]=135,удаљености[IDMap["Bujanovac jug"]][IDMap["Niš istok"]]=135,удаљености[IDMap["Niš sever"]][IDMap["Niš Malča"]]=15.6,удаљености[IDMap["Niš Malča"]][IDMap["Niš sever"]]=14.4,удаљености[IDMap["Niš sever"]][IDMap["Niš jug"]]=8.1,удаљености[IDMap["Niš jug"]][IDMap["Niš sever"]]=6.2,удаљености[IDMap["Niš sever"]][IDMap["Merošina"]]=13,удаљености[IDMap["Merošina"]][IDMap["Niš sever"]]=12,удаљености[IDMap["Niš sever"]][IDMap.Doljevac]=23.6,удаљености[IDMap.Doljevac][IDMap["Niš sever"]]=22.6,удаљености[IDMap["Niš sever"]][IDMap.Brestovac]=29.6,удаљености[IDMap.Brestovac][IDMap["Niš sever"]]=28.6,удаљености[IDMap["Niš sever"]][IDMap.Aleksinac]=24.6,удаљености[IDMap.Aleksinac][IDMap["Niš sever"]]=24.8,удаљености[IDMap["Niš sever"]][IDMap["Aleksinački Rudnici"]]=29.1,удаљености[IDMap["Aleksinački Rudnici"]][IDMap["Niš sever"]]=29.8,удаљености[IDMap["Niš sever"]][IDMap["Batočina"]]=120,удаљености[IDMap["Batočina"]][IDMap["Niš sever"]]=120,удаљености[IDMap["Niš sever"]][IDMap["Bela Palanka"]]=44.4,удаљености[IDMap["Bela Palanka"]][IDMap["Niš sever"]]=43.6,удаљености[IDMap["Niš sever"]][IDMap.Beograd]=209,удаљености[IDMap.Beograd][IDMap["Niš sever"]]=209,удаљености[IDMap["Niš sever"]][IDMap["Bujanovac jug"]]=129,удаљености[IDMap["Bujanovac jug"]][IDMap["Niš sever"]]=128,удаљености[IDMap["Niš sever"]][IDMap["Bujanovac sever"]]=125,удаљености[IDMap["Bujanovac sever"]][IDMap["Niš sever"]]=124,удаљености[IDMap["Niš sever"]][IDMap.Dimitrovgrad]=93.7,удаљености[IDMap.Dimitrovgrad][IDMap["Niš sever"]]=92.8,удаљености[IDMap["Niš sever"]][IDMap.Grdelica]=64.5,удаљености[IDMap.Grdelica][IDMap["Niš sever"]]=62.9,удаљености[IDMap["Niš sever"]][IDMap.Jagodina]=98.8,удаљености[IDMap.Jagodina][IDMap["Niš sever"]]=97.9,удаљености[IDMap["Niš sever"]][IDMap.Kolari]=177,удаљености[IDMap.Kolari][IDMap["Niš sever"]]=177,удаљености[IDMap["Niš sever"]][IDMap.Lapovo]=123,удаљености[IDMap.Lapovo][IDMap["Niš sever"]]=124,удаљености[IDMap["Niš sever"]][IDMap["Leskovac centar"]]=37,удаљености[IDMap["Leskovac centar"]][IDMap["Niš sever"]]=35.9,удаљености[IDMap["Niš sever"]][IDMap["Leskovac jug"]]=53.3,удаљености[IDMap["Leskovac jug"]][IDMap["Niš sever"]]=52.8,удаљености[IDMap["Niš sever"]][IDMap["Mali Požarevac"]]=197,удаљености[IDMap["Mali Požarevac"]][IDMap["Niš sever"]]=196,удаљености[IDMap["Niš sever"]][IDMap.Markovac]=130,удаљености[IDMap.Markovac][IDMap["Niš sever"]]=130,удаљености[IDMap["Niš sever"]][IDMap["Paraćin"]]=74.4,удаљености[IDMap["Paraćin"]][IDMap["Niš sever"]]=74.1,удаљености[IDMap["Niš sever"]][IDMap["Pirot istok"]]=79.8,удаљености[IDMap["Pirot istok"]][IDMap["Niš sever"]]=77.6,удаљености[IDMap["Niš sever"]][IDMap["Pirot zapad"]]=68.5,удаљености[IDMap["Pirot zapad"]][IDMap["Niš sever"]]=67.4,удаљености[IDMap["Niš sever"]][IDMap.Pojate]=62.8,удаљености[IDMap.Pojate][IDMap["Niš sever"]]=62.2,удаљености[IDMap["Niš sever"]][IDMap["Požarevac"]]=170,удаљености[IDMap["Požarevac"]][IDMap["Niš sever"]]=171,удаљености[IDMap["Niš sever"]][IDMap.Predejane]=74.8,удаљености[IDMap.Predejane][IDMap["Niš sever"]]=73.2,удаљености[IDMap["Niš sever"]][IDMap["Preševo"]]=148,удаљености[IDMap["Preševo"]][IDMap["Niš sever"]]=146,удаљености[IDMap["Niš sever"]][IDMap["Ražanj"]]=49.2,удаљености[IDMap["Ražanj"]][IDMap["Niš sever"]]=50.1,удаљености[IDMap["Niš sever"]][IDMap.Smederevo]=172,удаљености[IDMap.Smederevo][IDMap["Niš sever"]]=173,удаљености[IDMap["Niš sever"]][IDMap["Umčari"]]=190,удаљености[IDMap["Umčari"]][IDMap["Niš sever"]]=190,удаљености[IDMap["Niš sever"]][IDMap["Velika Plana"]]=142,удаљености[IDMap["Velika Plana"]][IDMap["Niš sever"]]=142,удаљености[IDMap["Niš sever"]][IDMap["Vladičin Han"]]=88.6,удаљености[IDMap["Vladičin Han"]][IDMap["Niš sever"]]=87.8,удаљености[IDMap["Niš sever"]][IDMap.Vodanj]=184,удаљености[IDMap.Vodanj][IDMap["Niš sever"]]=184,удаљености[IDMap["Niš sever"]][IDMap.Vranje]=112,удаљености[IDMap.Vranje][IDMap["Niš sever"]]=111,удаљености[IDMap["Niš sever"]][IDMap["Ćuprija"]]=85.1,удаљености[IDMap["Ćuprija"]][IDMap["Niš sever"]]=84.7,удаљености[IDMap.Doljevac][IDMap.Beograd]=226,удаљености[IDMap.Beograd][IDMap.Doljevac]=226,удаљености[IDMap.Doljevac][IDMap["Mali Požarevac"]]=214,удаљености[IDMap["Mali Požarevac"]][IDMap.Doljevac]=213,удаљености[IDMap.Doljevac][IDMap["Umčari"]]=207,удаљености[IDMap["Umčari"]][IDMap.Doljevac]=207,удаљености[IDMap.Doljevac][IDMap.Vodanj]=201,удаљености[IDMap.Vodanj][IDMap.Doljevac]=200,удаљености[IDMap.Doljevac][IDMap.Kolari]=195,удаљености[IDMap.Kolari][IDMap.Doljevac]=194,удаљености[IDMap.Doljevac][IDMap.Smederevo]=190,удаљености[IDMap.Smederevo][IDMap.Doljevac]=189,удаљености[IDMap.Doljevac][IDMap["Požarevac"]]=188,удаљености[IDMap["Požarevac"]][IDMap.Doljevac]=188,удаљености[IDMap.Doljevac][IDMap["Velika Plana"]]=159,удаљености[IDMap["Velika Plana"]][IDMap.Doljevac]=159,удаљености[IDMap.Doljevac][IDMap.Markovac]=147,удаљености[IDMap.Markovac][IDMap.Doljevac]=147,удаљености[IDMap.Doljevac][IDMap.Lapovo]=141,удаљености[IDMap.Lapovo][IDMap.Doljevac]=141,удаљености[IDMap.Doljevac][IDMap["Batočina"]]=137,удаљености[IDMap["Batočina"]][IDMap.Doljevac]=137,удаљености[IDMap.Doljevac][IDMap.Jagodina]=116,удаљености[IDMap.Jagodina][IDMap.Doljevac]=115,удаљености[IDMap.Doljevac][IDMap["Ćuprija"]]=102,удаљености[IDMap["Ćuprija"]][IDMap.Doljevac]=102,удаљености[IDMap.Doljevac][IDMap["Paraćin"]]=91.6,удаљености[IDMap["Paraćin"]][IDMap.Doljevac]=91,удаљености[IDMap.Doljevac][IDMap.Pojate]=80,удаљености[IDMap.Pojate][IDMap.Doljevac]=79.1,удаљености[IDMap.Doljevac][IDMap["Ražanj"]]=66.4,удаљености[IDMap["Ražanj"]][IDMap.Doljevac]=66.9,удаљености[IDMap.Doljevac][IDMap["Aleksinački Rudnici"]]=46.2,удаљености[IDMap["Aleksinački Rudnici"]][IDMap.Doljevac]=46.7,удаљености[IDMap.Doljevac][IDMap.Aleksinac]=41.8,удаљености[IDMap.Aleksinac][IDMap.Doljevac]=41.7,удаљености[IDMap.Doljevac][IDMap["Niš jug"]]=16.8,удаљености[IDMap["Niš jug"]][IDMap.Doljevac]=16.9,удаљености[IDMap.Doljevac][IDMap.Brestovac]=6.3,удаљености[IDMap.Brestovac][IDMap.Doljevac]=7.1,удаљености[IDMap.Doljevac][IDMap["Leskovac centar"]]=13.8,удаљености[IDMap["Leskovac centar"]][IDMap.Doljevac]=14.4,удаљености[IDMap.Doljevac][IDMap["Leskovac jug"]]=29.9,удаљености[IDMap["Leskovac jug"]][IDMap.Doljevac]=31.2,удаљености[IDMap.Doljevac][IDMap.Grdelica]=41.3,удаљености[IDMap.Grdelica][IDMap.Doljevac]=41.4,удаљености[IDMap.Doljevac][IDMap.Predejane]=51.6,удаљености[IDMap.Predejane][IDMap.Doljevac]=51.7,удаљености[IDMap.Doljevac][IDMap["Vladičin Han"]]=65.3,удаљености[IDMap["Vladičin Han"]][IDMap.Doljevac]=66.3,удаљености[IDMap.Doljevac][IDMap.Vranje]=88.3,удаљености[IDMap.Vranje][IDMap.Doljevac]=89,удаљености[IDMap.Doljevac][IDMap["Bujanovac sever"]]=102,удаљености[IDMap["Bujanovac sever"]][IDMap.Doljevac]=103,удаљености[IDMap.Doljevac][IDMap["Bujanovac jug"]]=105,удаљености[IDMap["Bujanovac jug"]][IDMap.Doljevac]=107,удаљености[IDMap.Doljevac][IDMap["Preševo"]]=124,удаљености[IDMap["Preševo"]][IDMap.Doljevac]=125,удаљености[IDMap.Doljevac][IDMap.Dimitrovgrad]=115,удаљености[IDMap.Dimitrovgrad][IDMap.Doljevac]=116,удаљености[IDMap.Doljevac][IDMap["Merošina"]]=11.8,удаљености[IDMap["Merošina"]][IDMap.Doljevac]=11,удаљености[IDMap.Doljevac][IDMap["Niš Malča"]]=36.7,удаљености[IDMap["Niš Malča"]][IDMap.Doljevac]=36.7,удаљености[IDMap.Doljevac][IDMap["Bela Palanka"]]=65.5,удаљености[IDMap["Bela Palanka"]][IDMap.Doljevac]=66.7,удаљености[IDMap.Doljevac][IDMap["Pirot zapad"]]=89.6,удаљености[IDMap["Pirot zapad"]][IDMap.Doljevac]=90.6,удаљености[IDMap.Doljevac][IDMap["Pirot istok"]]=101,удаљености[6][IDMap.Doljevac]=101</script><script type="text/javascript">var удаљеност,цене=[["0.00","110.00","170.00","280.00","330.00","400.00","490.00","590.00","660.00","0.00","710.00","800.00","900.00","930.00","960.00","990.00","1020.00","1030.00","1180.00","1240.00","1280.00","1300.00","1410.00","1480.00","1530.00","1620.00","1660.00","1770.00","1800.00","1930.00","2010.00","2050.00","2080.00","2170.00","2230.00","2290.00","2380.00","2500.00","2570.00","2590.00","2700.00","2470.00","1300.00","800.00","1180.00","1070.00","1000.00","930.00","1260.00","1360.00","800.00","940.00","1010.00","1120.00","1960.00","1920.00","1960.00","1990.00","2150.00","2280.00","2340.00","0.00","1420.00","1070.00","1130.00","1710.00","1720.00","1750.00",""],["110.00","0.00","60.00","170.00","230.00","290.00","380.00","480.00","550.00","0.00","600.00","690.00","790.00","820.00","850.00","880.00","910.00","920.00","1070.00","1130.00","1170.00","1190.00","1300.00","1370.00","1420.00","1510.00","1550.00","1660.00","1690.00","1820.00","1900.00","1940.00","1970.00","2060.00","2120.00","2180.00","2270.00","2390.00","2460.00","2480.00","2590.00","2360.00","1190.00","690.00","1070.00","960.00","890.00","820.00","1150.00","1250.00","690.00","830.00","900.00","1010.00","1850.00","1810.00","1850.00","1880.00","2040.00","2170.00","2230.00","0.00","1310.00","960.00","1020.00","1600.00","1610.00","1640.00",""],["170.00","60.00","0.00","110.00","160.00","230.00","310.00","410.00","490.00","0.00","540.00","630.00","730.00","760.00","790.00","820.00","850.00","860.00","1010.00","1070.00","1110.00","1130.00","1240.00","1310.00","1360.00","1450.00","1490.00","1600.00","1630.00","1760.00","1840.00","1880.00","1910.00","2000.00","2060.00","2120.00","2210.00","2330.00","2400.00","2420.00","2530.00","2300.00","1130.00","630.00","1010.00","900.00","830.00","760.00","1090.00","1190.00","630.00","770.00","840.00","950.00","1790.00","1750.00","1790.00","1820.00","1980.00","2110.00","2170.00","0.00","1250.00","900.00","960.00","1540.00","1550.00","1580.00",""],["280.00","170.00","110.00","0.00","50.00","120.00","210.00","310.00","380.00","0.00","430.00","520.00","620.00","650.00","680.00","710.00","740.00","750.00","900.00","960.00","1000.00","1020.00","1130.00","1200.00","1250.00","1340.00","1380.00","1490.00","1520.00","1650.00","1730.00","1770.00","1800.00","1890.00","1950.00","2010.00","2100.00","2220.00","2290.00","2310.00","2420.00","2190.00","1020.00","520.00","900.00","790.00","720.00","650.00","980.00","1080.00","520.00","660.00","730.00","840.00","1680.00","1640.00","1680.00","1710.00","1870.00","2000.00","2060.00","0.00","1140.00","1070.00","850.00","1430.00","1440.00","1470.00",""],["330.00","230.00","160.00","50.00","0.00","70.00","150.00","250.00","330.00","0.00","370.00","470.00","570.00","600.00","630.00","660.00","690.00","700.00","850.00","910.00","950.00","970.00","1080.00","1150.00","1200.00","1290.00","1330.00","1440.00","1470.00","1600.00","1680.00","1720.00","1750.00","1840.00","1900.00","1960.00","2050.00","2170.00","2240.00","2260.00","2370.00","2140.00","970.00","470.00","850.00","740.00","670.00","600.00","930.00","1030.00","470.00","610.00","680.00","790.00","1630.00","1590.00","1630.00","1660.00","1820.00","1950.00","2010.00","0.00","1090.00","740.00","800.00","1380.00","1390.00","1420.00",""],["400.00","290.00","230.00","120.00","70.00","0.00","90.00","190.00","260.00","0.00","310.00","400.00","500.00","530.00","560.00","590.00","620.00","630.00","780.00","840.00","880.00","900.00","1010.00","1080.00","1130.00","1220.00","1260.00","1370.00","1400.00","1530.00","1610.00","1650.00","1680.00","1770.00","1830.00","1890.00","1980.00","2100.00","2170.00","2190.00","2300.00","2070.00","900.00","400.00","780.00","670.00","600.00","530.00","860.00","960.00","400.00","540.00","610.00","720.00","1560.00","1520.00","1560.00","1590.00","1750.00","1880.00","1940.00","0.00","1020.00","670.00","730.00","1310.00","1320.00","1350.00",""],["490.00","380.00","310.00","210.00","150.00","90.00","0.00","100.00","170.00","0.00","220.00","310.00","410.00","440.00","470.00","500.00","530.00","540.00","690.00","750.00","790.00","810.00","920.00","990.00","1040.00","1130.00","1170.00","1280.00","1310.00","1440.00","1520.00","1560.00","1590.00","1680.00","1740.00","1800.00","1890.00","2010.00","2080.00","2100.00","2210.00","1980.00","810.00","310.00","690.00","580.00","510.00","440.00","770.00","870.00","310.00","450.00","520.00","630.00","1470.00","1430.00","1470.00","1500.00","1660.00","1790.00","1850.00","0.00","930.00","580.00","640.00","1220.00","1230.00","1260.00",""],["590.00","480.00","410.00","310.00","250.00","190.00","100.00","0.00","70.00","0.00","120.00","210.00","310.00","340.00","370.00","400.00","430.00","440.00","590.00","650.00","690.00","710.00","820.00","890.00","940.00","1030.00","1070.00","1180.00","1210.00","1340.00","1420.00","1460.00","1490.00","1580.00","1640.00","1700.00","1790.00","1910.00","1980.00","2000.00","2110.00","1880.00","710.00","210.00","590.00","480.00","410.00","340.00","670.00","770.00","210.00","350.00","420.00","530.00","1370.00","1330.00","1370.00","1400.00","1560.00","1690.00","1750.00","0.00","830.00","480.00","540.00","1120.00","1130.00","1160.00",""],["660.00","550.00","490.00","380.00","330.00","260.00","170.00","70.00","0.00","0.00","50.00","140.00","240.00","270.00","300.00","330.00","360.00","370.00","520.00","580.00","620.00","640.00","750.00","820.00","870.00","960.00","1000.00","1110.00","1140.00","1270.00","1350.00","1390.00","1420.00","1510.00","1570.00","1630.00","1720.00","1840.00","1910.00","1930.00","2040.00","1810.00","640.00","140.00","520.00","410.00","340.00","270.00","600.00","700.00","140.00","280.00","350.00","460.00","1300.00","1260.00","1300.00","1330.00","1490.00","1620.00","1680.00","0.00","760.00","410.00","470.00","1050.00","1060.00","1090.00",""],["0.00","0.00","0.00","0.00","0.00","0.00","0.00","0.00","0.00","0.00","20.00","120.00","220.00","250.00","280.00","310.00","340.00","350.00","500.00","560.00","600.00","620.00","730.00","800.00","850.00","940.00","980.00","1090.00","1120.00","1250.00","1330.00","1370.00","1400.00","1490.00","1550.00","1610.00","1700.00","1820.00","1890.00","1910.00","2020.00","1790.00","620.00","120.00","500.00","390.00","320.00","250.00","580.00","680.00","120.00","260.00","330.00","440.00","1280.00","1240.00","1280.00","1310.00","1470.00","1600.00","1660.00","0.00","740.00","390.00","450.00","1030.00","1040.00","1070.00",""],["710.00","600.00","540.00","430.00","370.00","310.00","220.00","120.00","50.00","20.00","0.00","90.00","190.00","220.00","250.00","280.00","310.00","320.00","470.00","530.00","570.00","590.00","700.00","770.00","820.00","910.00","950.00","1060.00","1090.00","1220.00","1300.00","1340.00","1370.00","1460.00","1520.00","1580.00","1670.00","1790.00","1860.00","1880.00","1990.00","1760.00","590.00","90.00","470.00","360.00","290.00","220.00","550.00","650.00","90.00","230.00","300.00","410.00","1250.00","1210.00","1250.00","1280.00","1440.00","1570.00","1630.00","0.00","710.00","360.00","420.00","1000.00","1010.00","1040.00",""],["800.00","690.00","630.00","520.00","470.00","400.00","310.00","210.00","140.00","120.00","90.00","0.00","100.00","130.00","160.00","190.00","220.00","230.00","380.00","440.00","480.00","500.00","610.00","680.00","730.00","820.00","860.00","970.00","1000.00","1130.00","1210.00","1240.00","1280.00","1360.00","1420.00","1490.00","1580.00","1700.00","1770.00","1790.00","1890.00","1670.00","500.00","450.00","380.00","270.00","200.00","130.00","460.00","560.00","0.00","140.00","210.00","320.00","1160.00","1120.00","1160.00","1190.00","1350.00","1480.00","1540.00","0.00","620.00","270.00","330.00","910.00","920.00","950.00",""],["900.00","790.00","730.00","620.00","570.00","500.00","410.00","310.00","240.00","220.00","190.00","100.00","0.00","30.00","60.00","100.00","130.00","130.00","290.00","350.00","380.00","400.00","510.00","580.00","640.00","720.00","770.00","870.00","900.00","1030.00","1110.00","1140.00","1180.00","1270.00","1330.00","1390.00","1480.00","1600.00","1670.00","1690.00","1800.00","1570.00","600.00","100.00","480.00","370.00","300.00","230.00","560.00","660.00","100.00","240.00","310.00","420.00","1060.00","1020.00","1060.00","1100.00","1260.00","1380.00","1440.00","0.00","720.00","370.00","430.00","810.00","820.00","850.00",""],["930.00","820.00","760.00","650.00","600.00","530.00","440.00","340.00","270.00","250.00","220.00","130.00","30.00","0.00","30.00","60.00","90.00","100.00","250.00","310.00","350.00","370.00","480.00","550.00","600.00","690.00","730.00","840.00","870.00","990.00","1080.00","1110.00","1150.00","1230.00","1290.00","1350.00","1440.00","1570.00","1640.00","1660.00","1760.00","1540.00","630.00","130.00","510.00","400.00","330.00","260.00","590.00","690.00","130.00","270.00","340.00","450.00","1020.00","990.00","1020.00","1060.00","1220.00","1350.00","1410.00","0.00","750.00","400.00","460.00","780.00","790.00","820.00",""],["960.00","850.00","790.00","680.00","630.00","560.00","470.00","370.00","300.00","280.00","250.00","160.00","60.00","30.00","0.00","30.00","60.00","70.00","220.00","280.00","310.00","330.00","450.00","520.00","570.00","660.00","700.00","810.00","840.00","960.00","1050.00","1080.00","1120.00","1200.00","1260.00","1320.00","1410.00","1530.00","1600.00","1620.00","1730.00","1510.00","660.00","160.00","540.00","430.00","360.00","290.00","620.00","720.00","160.00","300.00","370.00","480.00","990.00","960.00","990.00","1030.00","1190.00","1320.00","1380.00","0.00","780.00","430.00","490.00","750.00","760.00","790.00",""],["990.00","880.00","820.00","710.00","660.00","590.00","500.00","400.00","330.00","310.00","280.00","190.00","100.00","60.00","30.00","0.00","30.00","40.00","190.00","250.00","280.00","300.00","420.00","480.00","540.00","620.00","670.00","780.00","800.00","930.00","1020.00","1050.00","1090.00","1170.00","1230.00","1290.00","1380.00","1500.00","1570.00","1590.00","1700.00","1470.00","690.00","190.00","570.00","460.00","390.00","320.00","650.00","750.00","190.00","330.00","400.00","510.00","960.00","930.00","960.00","1000.00","1160.00","1290.00","1340.00","0.00","810.00","460.00","520.00","710.00","720.00","760.00",""],["1020.00","910.00","850.00","740.00","690.00","620.00","530.00","430.00","360.00","340.00","310.00","220.00","130.00","90.00","60.00","30.00","0.00","10.00","160.00","220.00","250.00","270.00","390.00","450.00","510.00","590.00","640.00","750.00","770.00","900.00","990.00","1020.00","1060.00","1140.00","1200.00","1260.00","1350.00","1470.00","1540.00","1560.00","1670.00","1440.00","720.00","220.00","600.00","490.00","420.00","350.00","680.00","780.00","220.00","360.00","430.00","540.00","930.00","900.00","930.00","970.00","1130.00","1260.00","1310.00","0.00","840.00","490.00","550.00","680.00","690.00","730.00",""],["1030.00","920.00","860.00","750.00","700.00","620.00","540.00","440.00","370.00","350.00","320.00","230.00","130.00","100.00","70.00","40.00","10.00","0.00","150.00","210.00","240.00","260.00","380.00","450.00","500.00","590.00","630.00","740.00","770.00","890.00","980.00","1010.00","1050.00","1130.00","1190.00","1250.00","1340.00","1460.00","1530.00","1550.00","1660.00","1440.00","730.00","230.00","610.00","500.00","430.00","360.00","690.00","790.00","230.00","370.00","440.00","550.00","920.00","890.00","920.00","960.00","1120.00","1250.00","1310.00","0.00","850.00","500.00","560.00","680.00","690.00","720.00",""],["1180.00","1070.00","1010.00","900.00","850.00","780.00","690.00","590.00","520.00","500.00","470.00","380.00","290.00","250.00","220.00","190.00","160.00","150.00","0.00","60.00","90.00","110.00","230.00","300.00","350.00","430.00","480.00","590.00","610.00","740.00","830.00","860.00","900.00","980.00","1040.00","1100.00","1190.00","1310.00","1380.00","1400.00","1510.00","1290.00","880.00","380.00","760.00","650.00","580.00","510.00","840.00","940.00","380.00","520.00","590.00","700.00","770.00","740.00","770.00","810.00","970.00","1100.00","1160.00","0.00","1000.00","650.00","710.00","530.00","540.00","570.00",""],["1240.00","1130.00","1070.00","960.00","910.00","840.00","750.00","650.00","580.00","560.00","530.00","440.00","350.00","310.00","280.00","250.00","220.00","210.00","60.00","0.00","30.00","50.00","170.00","230.00","290.00","370.00","420.00","530.00","550.00","680.00","770.00","800.00","840.00","920.00","980.00","1040.00","1130.00","1250.00","1320.00","1340.00","1450.00","1220.00","940.00","440.00","820.00","710.00","640.00","570.00","900.00","1000.00","440.00","580.00","650.00","760.00","710.00","680.00","710.00","750.00","910.00","1040.00","1100.00","0.00","1060.00","710.00","770.00","470.00","470.00","510.00",""],["1280.00","1170.00","1110.00","1000.00","950.00","880.00","790.00","690.00","620.00","600.00","570.00","480.00","380.00","350.00","310.00","280.00","250.00","240.00","90.00","30.00","0.00","20.00","130.00","200.00","260.00","340.00","390.00","490.00","520.00","650.00","730.00","770.00","800.00","890.00","950.00","1010.00","1100.00","1220.00","1290.00","1310.00","1420.00","1190.00","980.00","480.00","860.00","1070.00","680.00","610.00","940.00","1040.00","480.00","620.00","690.00","800.00","680.00","640.00","680.00","720.00","880.00","1000.00","1060.00","0.00","1100.00","750.00","810.00","430.00","440.00","470.00",""],["1300.00","1190.00","1130.00","1020.00","970.00","900.00","810.00","710.00","640.00","620.00","590.00","500.00","400.00","370.00","330.00","300.00","270.00","260.00","110.00","50.00","20.00","0.00","110.00","180.00","240.00","320.00","370.00","470.00","500.00","630.00","710.00","750.00","780.00","870.00","930.00","990.00","1080.00","1200.00","1270.00","1290.00","1400.00","1170.00","1000.00","500.00","880.00","770.00","700.00","630.00","960.00","1060.00","500.00","640.00","710.00","820.00","660.00","620.00","660.00","700.00","860.00","980.00","1040.00","0.00","1120.00","770.00","830.00","410.00","420.00","450.00",""],["1410.00","1300.00","1240.00","1130.00","1080.00","1010.00","920.00","820.00","750.00","730.00","700.00","610.00","510.00","480.00","450.00","420.00","390.00","380.00","230.00","170.00","130.00","110.00","0.00","70.00","120.00","210.00","250.00","360.00","390.00","510.00","600.00","630.00","670.00","750.00","810.00","870.00","960.00","1090.00","1160.00","1180.00","1280.00","1060.00","1110.00","610.00","990.00","880.00","810.00","740.00","1070.00","1170.00","610.00","750.00","820.00","930.00","540.00","510.00","540.00","580.00","740.00","870.00","930.00","0.00","1230.00","880.00","940.00","300.00","310.00","340.00",""],["1480.00","1370.00","1310.00","1200.00","1150.00","1080.00","990.00","890.00","820.00","800.00","770.00","680.00","580.00","550.00","520.00","480.00","450.00","450.00","300.00","230.00","200.00","180.00","70.00","0.00","60.00","140.00","190.00","290.00","320.00","450.00","530.00","560.00","600.00","690.00","740.00","810.00","900.00","1020.00","1090.00","1110.00","1220.00","990.00","1180.00","680.00","1060.00","950.00","880.00","810.00","1140.00","1240.00","680.00","820.00","890.00","1000.00","480.00","440.00","480.00","520.00","670.00","800.00","860.00","0.00","1300.00","950.00","1010.00","230.00","240.00","270.00",""],["1530.00","1420.00","1360.00","1250.00","1200.00","1130.00","1040.00","940.00","870.00","850.00","820.00","730.00","640.00","600.00","570.00","540.00","510.00","500.00","350.00","290.00","260.00","240.00","120.00","60.00","0.00","80.00","130.00","240.00","260.00","390.00","480.00","510.00","550.00","630.00","690.00","750.00","840.00","960.00","1030.00","1050.00","1160.00","930.00","1230.00","730.00","1110.00","1000.00","930.00","860.00","1190.00","1290.00","730.00","870.00","940.00","1050.00","420.00","390.00","420.00","460.00","620.00","750.00","800.00","0.00","1350.00","1000.00","1060.00","170.00","180.00","220.00",""],["1620.00","1510.00","1450.00","1340.00","1290.00","1220.00","1130.00","1030.00","960.00","940.00","910.00","820.00","720.00","690.00","660.00","620.00","590.00","590.00","430.00","370.00","340.00","320.00","210.00","140.00","80.00","0.00","90.00","190.00","220.00","350.00","430.00","460.00","500.00","590.00","640.00","710.00","800.00","920.00","990.00","1010.00","1120.00","890.00","1320.00","820.00","1200.00","1090.00","1020.00","950.00","1280.00","1380.00","820.00","960.00","1030.00","1140.00","380.00","340.00","380.00","420.00","580.00","700.00","760.00","0.00","1440.00","1090.00","1150.00","90.00","100.00","130.00",""],["1660.00","1550.00","1490.00","1380.00","1330.00","1260.00","1170.00","1070.00","1000.00","980.00","950.00","860.00","770.00","730.00","700.00","670.00","640.00","630.00","480.00","420.00","390.00","370.00","250.00","190.00","130.00","90.00","0.00","110.00","130.00","260.00","350.00","380.00","420.00","500.00","560.00","620.00","710.00","830.00","900.00","920.00","1030.00","800.00","1360.00","860.00","1240.00","1130.00","1060.00","990.00","1320.00","1420.00","860.00","1000.00","1070.00","1180.00","290.00","260.00","290.00","330.00","490.00","620.00","670.00","0.00","1480.00","1130.00","1190.00","180.00","190.00","220.00",""],["1770.00","1660.00","1600.00","1490.00","1440.00","1370.00","1280.00","1180.00","1110.00","1090.00","1060.00","970.00","870.00","840.00","810.00","780.00","750.00","740.00","590.00","530.00","490.00","470.00","360.00","290.00","240.00","190.00","110.00","0.00","30.00","150.00","240.00","270.00","310.00","390.00","450.00","510.00","600.00","720.00","800.00","810.00","920.00","700.00","1470.00","970.00","1350.00","1240.00","1170.00","1100.00","1430.00","1530.00","970.00","1110.00","1180.00","1290.00","180.00","150.00","180.00","220.00","380.00","510.00","570.00","0.00","1590.00","1240.00","1300.00","290.00","300.00","330.00",""],["1800.00","1690.00","1630.00","1520.00","1470.00","1400.00","1310.00","1210.00","1140.00","1120.00","1090.00","1000.00","900.00","870.00","840.00","800.00","770.00","770.00","610.00","550.00","520.00","500.00","390.00","320.00","260.00","220.00","130.00","30.00","0.00","130.00","210.00","240.00","280.00","370.00","420.00","490.00","580.00","700.00","770.00","790.00","900.00","670.00","1500.00","1000.00","1380.00","1270.00","1200.00","1130.00","1460.00","1560.00","1000.00","1140.00","1210.00","1320.00","160.00","120.00","160.00","200.00","360.00","480.00","540.00","0.00","1620.00","1270.00","1330.00","310.00","320.00","350.00",""],["1930.00","1820.00","1760.00","1650.00","1600.00","1530.00","1440.00","1340.00","1270.00","1250.00","1220.00","1130.00","1030.00","990.00","960.00","930.00","900.00","890.00","740.00","680.00","650.00","630.00","510.00","450.00","390.00","350.00","260.00","150.00","130.00","0.00","80.00","120.00","150.00","240.00","300.00","360.00","450.00","570.00","640.00","660.00","770.00","580.00","1630.00","1130.00","1510.00","1400.00","1330.00","1260.00","1590.00","1690.00","1130.00","1270.00","1340.00","1450.00","30.00","30.00","70.00","110.00","260.00","390.00","450.00","0.00","1750.00","1400.00","1460.00","440.00","450.00","480.00",""],["2010.00","1900.00","1840.00","1730.00","1680.00","1610.00","1520.00","1420.00","1350.00","1330.00","1300.00","1210.00","1110.00","1080.00","1050.00","1020.00","990.00","980.00","830.00","770.00","730.00","710.00","600.00","530.00","480.00","430.00","350.00","240.00","210.00","80.00","0.00","30.00","70.00","150.00","210.00","270.00","370.00","490.00","560.00","580.00","680.00","660.00","1710.00","80.00","1590.00","1480.00","1410.00","1340.00","1670.00","1770.00","1210.00","1350.00","1420.00","1530.00","60.00","120.00","150.00","190.00","350.00","480.00","530.00","0.00","1830.00","1480.00","1540.00","520.00","530.00","570.00",""],["2050.00","1940.00","1880.00","1770.00","1720.00","1650.00","1560.00","1460.00","1390.00","1370.00","1340.00","1240.00","1140.00","1110.00","1080.00","1050.00","1020.00","1010.00","860.00","800.00","770.00","750.00","630.00","560.00","510.00","460.00","380.00","270.00","240.00","120.00","30.00","0.00","40.00","120.00","180.00","240.00","330.00","450.00","520.00","540.00","650.00","690.00","1750.00","120.00","1630.00","1520.00","1450.00","1380.00","1710.00","1810.00","1250.00","1390.00","1460.00","1570.00","90.00","150.00","180.00","220.00","380.00","510.00","570.00","0.00","1860.00","1510.00","1570.00","560.00","570.00","600.00",""],["2080.00","1970.00","1910.00","1800.00","1750.00","1680.00","1590.00","1490.00","1420.00","1400.00","1370.00","1280.00","1180.00","1150.00","1120.00","1090.00","1060.00","1050.00","900.00","840.00","800.00","780.00","670.00","600.00","550.00","500.00","420.00","310.00","280.00","150.00","70.00","40.00","0.00","80.00","140.00","210.00","300.00","420.00","490.00","510.00","610.00","730.00","1780.00","150.00","1660.00","1550.00","1480.00","1410.00","1740.00","1740.00","1280.00","1420.00","1490.00","1600.00","120.00","190.00","220.00","260.00","420.00","540.00","600.00","0.00","1900.00","1550.00","1610.00","590.00","600.00","640.00",""],["2170.00","2060.00","2000.00","1890.00","1840.00","1770.00","1680.00","1580.00","1510.00","1490.00","1460.00","1360.00","1270.00","1230.00","1200.00","1170.00","1140.00","1130.00","980.00","920.00","890.00","870.00","750.00","690.00","630.00","590.00","500.00","390.00","370.00","240.00","150.00","120.00","80.00","0.00","60.00","120.00","210.00","330.00","400.00","420.00","530.00","820.00","1870.00","240.00","1750.00","1640.00","1570.00","1500.00","1830.00","1930.00","1370.00","1510.00","1580.00","1690.00","210.00","270.00","310.00","340.00","500.00","630.00","690.00","0.00","1980.00","1630.00","1690.00","680.00","690.00","720.00",""],["2230.00","2120.00","2060.00","1950.00","1900.00","1830.00","1740.00","1640.00","1570.00","1550.00","1520.00","1420.00","1330.00","1290.00","1260.00","1230.00","1200.00","1190.00","1040.00","980.00","950.00","930.00","810.00","740.00","690.00","640.00","560.00","450.00","420.00","300.00","210.00","180.00","140.00","60.00","0.00","60.00","150.00","270.00","340.00","360.00","470.00","880.00","1930.00","300.00","1810.00","1760.00","1630.00","1560.00","1890.00","1990.00","1430.00","1570.00","1640.00","1750.00","270.00","330.00","360.00","400.00","560.00","690.00","750.00","0.00","2040.00","1690.00","1750.00","1600.00","1610.00","1640.00",""],["2290.00","2180.00","2120.00","2010.00","1960.00","1890.00","1800.00","1700.00","1630.00","1610.00","1580.00","1490.00","1390.00","1350.00","1320.00","1290.00","1260.00","1250.00","1100.00","1040.00","1010.00","990.00","870.00","810.00","750.00","710.00","620.00","510.00","490.00","360.00","270.00","240.00","210.00","120.00","60.00","0.00","90.00","210.00","280.00","300.00","410.00","940.00","1990.00","360.00","1870.00","1850.00","1690.00","1620.00","1950.00","2050.00","1490.00","1630.00","1700.00","1810.00","330.00","390.00","430.00","460.00","620.00","750.00","810.00","0.00","2110.00","1760.00","1820.00","800.00","810.00","840.00",""],["2380.00","2270.00","2210.00","2100.00","2050.00","1980.00","1890.00","1790.00","1720.00","1700.00","1670.00","1580.00","1480.00","1440.00","1410.00","1380.00","1350.00","1340.00","1190.00","1130.00","1100.00","1080.00","960.00","900.00","840.00","800.00","710.00","600.00","580.00","450.00","370.00","330.00","300.00","210.00","150.00","90.00","0.00","120.00","190.00","210.00","320.00","1030.00","2080.00","450.00","1960.00","1970.00","1780.00","1710.00","2040.00","2140.00","1580.00","1720.00","1790.00","1900.00","420.00","480.00","520.00","560.00","710.00","840.00","900.00","0.00","2200.00","1850.00","1910.00","890.00","900.00","930.00",""],["2500.00","2390.00","2330.00","2220.00","2170.00","2100.00","2010.00","1910.00","1840.00","1820.00","1790.00","1700.00","1600.00","1570.00","1530.00","1500.00","1470.00","1460.00","1310.00","1250.00","1220.00","1200.00","1090.00","1020.00","960.00","920.00","830.00","720.00","700.00","570.00","490.00","450.00","420.00","330.00","270.00","210.00","120.00","0.00","70.00","90.00","200.00","1150.00","2200.00","570.00","2080.00","2040.00","1900.00","1830.00","2040.00","2260.00","1700.00","1840.00","1910.00","2020.00","540.00","600.00","640.00","680.00","830.00","960.00","1020.00","0.00","2320.00","1970.00","2030.00","1010.00","1020.00","1050.00",""],["2570.00","2460.00","2400.00","2290.00","2240.00","2170.00","2080.00","1980.00","1910.00","1890.00","1860.00","1770.00","1670.00","1640.00","1600.00","1570.00","1540.00","1530.00","1380.00","1320.00","1290.00","1270.00","1160.00","1090.00","1030.00","990.00","900.00","800.00","770.00","640.00","560.00","520.00","490.00","400.00","340.00","280.00","190.00","70.00","0.00","20.00","130.00","1220.00","2270.00","640.00","2150.00","2060.00","1970.00","1900.00","2160.00","2330.00","1770.00","640.00","1980.00","2090.00","610.00","670.00","710.00","750.00","900.00","1030.00","1090.00","0.00","2390.00","2040.00","2100.00","1080.00","1090.00","1120.00",""],["2590.00","2480.00","2420.00","2310.00","2260.00","2190.00","2100.00","2000.00","1930.00","1910.00","1880.00","1790.00","1690.00","1660.00","1620.00","1590.00","1560.00","1550.00","1400.00","1340.00","1310.00","1290.00","1180.00","1110.00","1050.00","1010.00","920.00","810.00","790.00","660.00",