var цене = [["0.00","110.00","180.00","290.00","350.00","420.00","510.00","610.00","690.00","0.00","740.00","830.00","930.00","970.00","1000.00","1030.00","1060.00","1070.00","1230.00","1290.00","1330.00","1350.00","1470.00","1540.00","1600.00","1680.00","1730.00","1840.00","1870.00","2000.00","2090.00","2120.00","2160.00","2250.00","2310.00","2370.00","2470.00","2590.00","2670.00","2690.00","2800.00","2570.00","1350.00","830.00","1230.00","1110.00","1040.00","970.00","1310.00","1410.00","830.00","970.00","1040.00","1160.00","2030.00","2000.00","2030.00","2080.00","2240.00","2370.00","2430.00","0.00","1480.00","1110.00","1170.00","1780.00","1790.00","1820.00","1860.00","1930.00","1990.00","1570.00","1610.00"],["110.00","0.00","70.00","180.00","230.00","300.00","390.00","500.00","580.00","0.00","630.00","720.00","820.00","860.00","890.00","920.00","950.00","960.00","1120.00","1180.00","1220.00","1240.00","1360.00","1430.00","1490.00","1570.00","1620.00","1730.00","1760.00","1890.00","1980.00","2010.00","2050.00","2140.00","2200.00","2260.00","2360.00","2480.00","2560.00","2580.00","2690.00","2460.00","1240.00","720.00","1120.00","1000.00","930.00","860.00","1200.00","1300.00","720.00","860.00","930.00","1050.00","1920.00","1890.00","1920.00","1970.00","2130.00","2260.00","2320.00","0.00","1370.00","1000.00","1060.00","1670.00","1680.00","1710.00","1750.00","1820.00","1880.00","1460.00","1500.00"],["180.00","70.00","0.00","110.00","170.00","240.00","330.00","430.00","510.00","0.00","560.00","650.00","750.00","790.00","820.00","850.00","880.00","890.00","1050.00","1110.00","1150.00","1170.00","1290.00","1360.00","1420.00","1500.00","1550.00","1660.00","1690.00","1820.00","1910.00","1940.00","1980.00","2070.00","2130.00","2190.00","2290.00","2410.00","2490.00","2510.00","2620.00","2390.00","1170.00","650.00","1050.00","930.00","860.00","790.00","1130.00","1230.00","650.00","790.00","860.00","980.00","1850.00","1820.00","1850.00","1900.00","2060.00","2190.00","2250.00","0.00","1300.00","930.00","990.00","1600.00","1610.00","1640.00","1680.00","1750.00","1810.00","1390.00","1430.00"],["290.00","180.00","110.00","0.00","50.00","120.00","210.00","320.00","400.00","0.00","450.00","540.00","640.00","680.00","710.00","740.00","770.00","780.00","940.00","1000.00","1040.00","1060.00","1180.00","1250.00","1310.00","1390.00","1440.00","1550.00","1580.00","1710.00","1800.00","1830.00","1870.00","1960.00","2020.00","2080.00","2180.00","2300.00","2380.00","2400.00","2510.00","2280.00","1060.00","540.00","940.00","820.00","750.00","680.00","1020.00","1120.00","540.00","680.00","750.00","870.00","1740.00","1710.00","1740.00","1790.00","1950.00","2080.00","2140.00","0.00","1190.00","1110.00","880.00","1490.00","1500.00","1530.00","1570.00","1640.00","1700.00","1280.00","1320.00"],["350.00","230.00","170.00","50.00","0.00","70.00","160.00","250.00","340.00","0.00","390.00","490.00","590.00","630.00","660.00","690.00","720.00","730.00","890.00","950.00","990.00","1010.00","1130.00","1200.00","1260.00","1340.00","1390.00","1500.00","1530.00","1660.00","1750.00","1780.00","1820.00","1910.00","1970.00","2030.00","2130.00","2250.00","2330.00","2350.00","2460.00","2230.00","1010.00","490.00","890.00","770.00","700.00","630.00","970.00","1070.00","490.00","630.00","700.00","820.00","1690.00","1660.00","1690.00","1740.00","1900.00","2030.00","2090.00","0.00","1140.00","770.00","830.00","1440.00","1450.00","1480.00","1520.00","1590.00","1650.00","1230.00","1270.00"],["420.00","300.00","240.00","120.00","70.00","0.00","90.00","200.00","270.00","0.00","320.00","420.00","520.00","560.00","590.00","620.00","650.00","660.00","820.00","880.00","920.00","940.00","1060.00","1130.00","1190.00","1270.00","1320.00","1430.00","1460.00","1590.00","1680.00","1710.00","1750.00","1840.00","1900.00","1960.00","2060.00","2180.00","2260.00","2280.00","2390.00","2160.00","940.00","420.00","820.00","700.00","630.00","560.00","900.00","1000.00","420.00","560.00","630.00","750.00","1620.00","1590.00","1620.00","1670.00","1830.00","1960.00","2020.00","0.00","1070.00","700.00","760.00","1370.00","1380.00","1410.00","1450.00","1520.00","1580.00","1160.00","1200.00"],["510.00","390.00","330.00","210.00","160.00","90.00","0.00","110.00","180.00","0.00","230.00","330.00","430.00","470.00","500.00","530.00","560.00","570.00","730.00","790.00","830.00","850.00","970.00","1040.00","1100.00","1180.00","1230.00","1340.00","1370.00","1500.00","1590.00","1620.00","1660.00","1750.00","1810.00","1870.00","1970.00","2090.00","2170.00","2190.00","2300.00","2070.00","850.00","330.00","730.00","610.00","540.00","470.00","810.00","910.00","330.00","470.00","540.00","660.00","1530.00","1500.00","1530.00","1580.00","1740.00","1870.00","1930.00","0.00","980.00","610.00","670.00","1280.00","1290.00","1320.00","1360.00","1430.00","1490.00","1070.00","1110.00"],["610.00","500.00","430.00","320.00","250.00","200.00","110.00","0.00","80.00","0.00","130.00","220.00","320.00","360.00","390.00","420.00","450.00","460.00","620.00","680.00","720.00","740.00","860.00","930.00","990.00","1070.00","1120.00","1230.00","1260.00","1390.00","1480.00","1510.00","1550.00","1640.00","1700.00","1760.00","1860.00","1980.00","2060.00","2080.00","2190.00","1960.00","740.00","220.00","620.00","500.00","430.00","360.00","700.00","800.00","220.00","360.00","430.00","550.00","1420.00","1390.00","1420.00","1470.00","1630.00","1760.00","1820.00","0.00","870.00","500.00","560.00","1170.00","1180.00","1210.00","1250.00","1320.00","1380.00","960.00","1000.00"],["690.00","580.00","510.00","400.00","340.00","270.00","180.00","80.00","0.00","0.00","50.00","150.00","250.00","290.00","320.00","350.00","380.00","390.00","550.00","610.00","650.00","670.00","790.00","860.00","920.00","1000.00","1050.00","1160.00","1190.00","1320.00","1410.00","1440.00","1480.00","1570.00","1630.00","1690.00","1790.00","1910.00","1990.00","2010.00","2120.00","1890.00","670.00","150.00","550.00","430.00","360.00","290.00","630.00","730.00","150.00","290.00","360.00","480.00","1350.00","1320.00","1350.00","1400.00","1560.00","1690.00","1750.00","0.00","800.00","430.00","490.00","1100.00","1110.00","1140.00","1180.00","1250.00","1310.00","890.00","930.00"],["0.00","0.00","0.00","0.00","0.00","0.00","0.00","0.00","0.00","0.00","30.00","120.00","220.00","260.00","290.00","320.00","350.00","360.00","520.00","580.00","620.00","640.00","760.00","830.00","890.00","970.00","1020.00","1130.00","1160.00","1290.00","1380.00","1410.00","1450.00","1540.00","1600.00","1660.00","1760.00","1880.00","1960.00","1980.00","2090.00","1860.00","640.00","120.00","520.00","400.00","330.00","260.00","600.00","700.00","120.00","260.00","330.00","450.00","1320.00","1290.00","1320.00","1370.00","1530.00","1660.00","1720.00","0.00","770.00","400.00","460.00","1070.00","1080.00","1110.00","1150.00","1220.00","1280.00","860.00","900.00"],["740.00","630.00","560.00","450.00","390.00","320.00","230.00","130.00","50.00","30.00","0.00","100.00","200.00","240.00","270.00","300.00","330.00","340.00","500.00","560.00","600.00","620.00","740.00","810.00","870.00","950.00","1000.00","1110.00","1140.00","1270.00","1360.00","1390.00","1430.00","1520.00","1580.00","1640.00","1740.00","1860.00","1940.00","1960.00","2070.00","1840.00","620.00","100.00","500.00","380.00","310.00","240.00","580.00","680.00","100.00","240.00","310.00","430.00","1300.00","1270.00","1300.00","1350.00","1510.00","1640.00","1700.00","0.00","750.00","380.00","440.00","1050.00","1060.00","1090.00","1130.00","1200.00","1260.00","840.00","880.00"],["830.00","720.00","650.00","540.00","490.00","420.00","330.00","220.00","150.00","120.00","100.00","0.00","100.00","140.00","170.00","200.00","230.00","240.00","400.00","460.00","500.00","520.00","640.00","710.00","770.00","850.00","900.00","1010.00","1040.00","1170.00","1260.00","1290.00","1330.00","1420.00","1480.00","1550.00","1640.00","1770.00","1840.00","1860.00","1970.00","1740.00","520.00","470.00","400.00","280.00","210.00","140.00","480.00","580.00","0.00","140.00","210.00","330.00","1200.00","1170.00","1200.00","1250.00","1410.00","1540.00","1600.00","0.00","650.00","280.00","340.00","950.00","960.00","990.00","1030.00","1100.00","1160.00","740.00","780.00"],["930.00","820.00","750.00","640.00","590.00","520.00","430.00","320.00","250.00","220.00","200.00","100.00","0.00","40.00","70.00","100.00","130.00","140.00","300.00","360.00","400.00","420.00","540.00","610.00","660.00","750.00","800.00","910.00","940.00","1070.00","1160.00","1190.00","1230.00","1320.00","1380.00","1450.00","1540.00","1670.00","1740.00","1760.00","1870.00","1640.00","620.00","100.00","500.00","380.00","310.00","240.00","580.00","680.00","100.00","240.00","310.00","430.00","1100.00","1070.00","1100.00","1140.00","1310.00","1440.00","1500.00","0.00","750.00","380.00","440.00","850.00","860.00","890.00","930.00","1000.00","1060.00","840.00","880.00"],["970.00","860.00","790.00","680.00","630.00","560.00","470.00","360.00","290.00","260.00","240.00","140.00","40.00","0.00","30.00","70.00","100.00","110.00","260.00","330.00","360.00","380.00","500.00","570.00","630.00","720.00","760.00","880.00","900.00","1040.00","1130.00","1160.00","1200.00","1290.00","1350.00","1410.00","1510.00","1630.00","1700.00","1720.00","1840.00","1600.00","660.00","140.00","540.00","420.00","350.00","280.00","620.00","720.00","140.00","280.00","350.00","470.00","1070.00","1030.00","1070.00","1110.00","1270.00","1410.00","1470.00","0.00","790.00","420.00","480.00","810.00","820.00","850.00","890.00","960.00","1020.00","880.00","920.00"],["1000.00","890.00","820.00","710.00","660.00","590.00","500.00","390.00","320.00","290.00","270.00","170.00","70.00","30.00","0.00","30.00","60.00","70.00","230.00","290.00","330.00","350.00","470.00","540.00","600.00","680.00","730.00","840.00","870.00","1000.00","1090.00","1130.00","1170.00","1250.00","1310.00","1380.00","1470.00","1600.00","1670.00","1690.00","1800.00","1570.00","690.00","170.00","570.00","450.00","380.00","310.00","650.00","750.00","170.00","310.00","380.00","500.00","1040.00","1000.00","1040.00","1080.00","1240.00","1370.00","1430.00","0.00","820.00","450.00","510.00","780.00","790.00","820.00","860.00","930.00","990.00","910.00","950.00"],["1030.00","920.00","850.00","740.00","690.00","620.00","530.00","420.00","350.00","320.00","300.00","200.00","100.00","70.00","30.00","0.00","30.00","40.00","200.00","260.00","290.00","310.00","430.00","500.00","560.00","650.00","700.00","810.00","840.00","970.00","1060.00","1090.00","1130.00","1220.00","1280.00","1340.00","1440.00","1560.00","1640.00","1660.00","1770.00","1540.00","720.00","200.00","600.00","480.00","410.00","340.00","680.00","780.00","200.00","340.00","410.00","530.00","1000.00","970.00","1000.00","1040.00","1210.00","1340.00","1400.00","0.00","850.00","480.00","540.00","740.00","750.00","790.00","830.00","900.00","960.00","940.00","980.00"],["1060.00","950.00","880.00","770.00","720.00","650.00","560.00","450.00","380.00","350.00","330.00","230.00","130.00","100.00","60.00","30.00","0.00","10.00","170.00","230.00","260.00","280.00","400.00","470.00","530.00","620.00","670.00","780.00","810.00","940.00","1030.00","1060.00","1100.00","1190.00","1250.00","1310.00","1410.00","1530.00","1610.00","1630.00","1740.00","1500.00","750.00","230.00","630.00","510.00","440.00","370.00","710.00","810.00","230.00","370.00","440.00","560.00","970.00","930.00","970.00","1010.00","1180.00","1310.00","1370.00","0.00","880.00","510.00","570.00","710.00","720.00","760.00","800.00","870.00","920.00","970.00","1010.00"],["1070.00","960.00","890.00","780.00","730.00","650.00","570.00","460.00","390.00","360.00","340.00","240.00","140.00","110.00","70.00","40.00","10.00","0.00","160.00","220.00","250.00","280.00","390.00","460.00","500.00","590.00","660.00","770.00","800.00","930.00","1020.00","1050.00","1090.00","1180.00","1240.00","1310.00","1400.00","1530.00","1600.00","1620.00","1730.00","1500.00","760.00","240.00","640.00","520.00","450.00","380.00","720.00","820.00","240.00","380.00","450.00","570.00","960.00","930.00","960.00","1000.00","1170.00","1300.00","1360.00","0.00","890.00","520.00","580.00","710.00","720.00","750.00","790.00","870.00","920.00","980.00","1020.00"],["1230.00","1120.00","1050.00","940.00","890.00","820.00","730.00","620.00","550.00","520.00","500.00","400.00","300.00","260.00","230.00","200.00","170.00","160.00","0.00","60.00","100.00","120.00","240.00","310.00","370.00","450.00","500.00","610.00","640.00","770.00","860.00","900.00","940.00","1020.00","1080.00","1150.00","1240.00","1370.00","1440.00","1460.00","1570.00","1340.00","920.00","400.00","800.00","680.00","610.00","540.00","880.00","980.00","400.00","540.00","610.00","730.00","810.00","770.00","810.00","850.00","1010.00","1140.00","1200.00","0.00","1050.00","680.00","740.00","550.00","560.00","590.00","630.00","700.00","760.00","1140.00","1180.00"],["1290.00","1180.00","1110.00","1000.00","950.00","880.00","790.00","680.00","610.00","580.00","560.00","460.00","360.00","330.00","290.00","260.00","230.00","220.00","60.00","0.00","30.00","60.00","170.00","240.00","300.00","390.00","440.00","550.00","580.00","710.00","800.00","830.00","870.00","960.00","1020.00","1090.00","1180.00","1310.00","1380.00","1400.00","1510.00","1280.00","980.00","460.00","860.00","740.00","670.00","600.00","940.00","1040.00","460.00","600.00","670.00","790.00","740.00","710.00","740.00","780.00","950.00","1080.00","1140.00","0.00","1110.00","740.00","800.00","490.00","490.00","530.00","570.00","640.00","700.00","1200.00","1240.00"],["1330.00","1220.00","1150.00","1040.00","990.00","920.00","830.00","720.00","650.00","620.00","600.00","500.00","400.00","360.00","330.00","290.00","260.00","250.00","100.00","30.00","0.00","20.00","140.00","210.00","270.00","350.00","400.00","520.00","540.00","680.00","760.00","800.00","840.00","930.00","990.00","1050.00","1150.00","1270.00","1340.00","1360.00","1480.00","1240.00","1020.00","500.00","900.00","1110.00","710.00","640.00","980.00","1080.00","500.00","640.00","710.00","830.00","710.00","670.00","710.00","750.00","910.00","1050.00","1110.00","0.00","1150.00","780.00","840.00","450.00","460.00","490.00","530.00","600.00","660.00","1240.00","1280.00"],["1350.00","1240.00","1170.00","1060.00","1010.00","940.00","850.00","740.00","670.00","640.00","620.00","520.00","420.00","380.00","350.00","310.00","280.00","280.00","120.00","60.00","20.00","0.00","120.00","190.00","250.00","330.00","380.00","490.00","520.00","660.00","740.00","780.00","820.00","900.00","960.00","1030.00","1120.00","1250.00","1320.00","1340.00","1460.00","1220.00","1040.00","520.00","920.00","800.00","730.00","660.00","1000.00","1100.00","520.00","660.00","730.00","850.00","690.00","650.00","690.00","730.00","890.00","1020.00","1090.00","0.00","1170.00","800.00","860.00","430.00","440.00","470.00","510.00","580.00","640.00","1260.00","1300.00"],["1470.00","1360.00","1290.00","1180.00","1130.00","1060.00","970.00","860.00","790.00","760.00","740.00","640.00","540.00","500.00","470.00","430.00","400.00","390.00","240.00","170.00","140.00","120.00","0.00","70.00","130.00","210.00","260.00","380.00","400.00","540.00","620.00","660.00","700.00","790.00","850.00","910.00","1010.00","1130.00","1200.00","1220.00","1340.00","1100.00","1160.00","640.00","1040.00","920.00","850.00","780.00","1120.00","1220.00","640.00","780.00","850.00","970.00","570.00","530.00","570.00","610.00","770.00","910.00","970.00","0.00","1290.00","920.00","980.00","310.00","320.00","350.00","390.00","460.00","520.00","1380.00","1420.00"],["1540.00","1430.00","1360.00","1250.00","1200.00","1130.00","1040.00","930.00","860.00","830.00","810.00","710.00","610.00","570.00","540.00","500.00","470.00","460.00","310.00","240.00","210.00","190.00","70.00","0.00","60.00","140.00","190.00","310.00","330.00","470.00","550.00","590.00","630.00","720.00","780.00","840.00","940.00","1060.00","1130.00","1150.00","1270.00","1030.00","1230.00","710.00","1110.00","990.00","920.00","850.00","1190.00","1290.00","710.00","850.00","920.00","1040.00","500.00","460.00","500.00","540.00","700.00","840.00","900.00","0.00","1360.00","990.00","1050.00","240.00","250.00","280.00","320.00","390.00","450.00","1450.00","1490.00"],["1600.00","1490.00","1420.00","1310.00","1260.00","1190.00","1100.00","990.00","920.00","890.00","870.00","770.00","660.00","630.00","600.00","560.00","530.00","500.00","370.00","300.00","270.00","250.00","130.00","60.00","0.00","90.00","140.00","250.00","270.00","410.00","500.00","530.00","570.00","660.00","720.00","780.00","880.00","1000.00","1080.00","1100.00","1210.00","970.00","1290.00","770.00","1170.00","1050.00","980.00","910.00","1250.00","1350.00","770.00","910.00","980.00","1100.00","440.00","400.00","440.00","480.00","640.00","780.00","840.00","0.00","1420.00","1050.00","1110.00","180.00","190.00","230.00","260.00","340.00","390.00","1510.00","1550.00"],["1680.00","1570.00","1500.00","1390.00","1340.00","1270.00","1180.00","1070.00","1000.00","970.00","950.00","850.00","750.00","720.00","680.00","650.00","620.00","590.00","450.00","390.00","350.00","330.00","210.00","140.00","90.00","0.00","90.00","200.00","230.00","360.00","450.00","480.00","520.00","610.00","670.00","740.00","830.00","960.00","1030.00","1050.00","1160.00","930.00","1370.00","850.00","1250.00","1130.00","1060.00","990.00","1330.00","1430.00","850.00","990.00","1060.00","1180.00","390.00","360.00","390.00","430.00","600.00","730.00","790.00","0.00","1500.00","1130.00","1190.00","100.00","110.00","140.00","180.00","250.00","310.00","1590.00","1630.00"],["1730.00","1620.00","1550.00","1440.00","1390.00","1320.00","1230.00","1120.00","1050.00","1020.00","1000.00","900.00","800.00","760.00","730.00","700.00","670.00","660.00","500.00","440.00","400.00","380.00","260.00","190.00","140.00","90.00","0.00","110.00","140.00","270.00","360.00","390.00","430.00","520.00","580.00","650.00","740.00","870.00","940.00","960.00","1070.00","840.00","1420.00","900.00","1300.00","1180.00","1110.00","1040.00","1380.00","1480.00","900.00","1040.00","1110.00","1230.00","300.00","270.00","300.00","340.00","510.00","640.00","700.00","0.00","1550.00","1180.00","1240.00","190.00","200.00","230.00","270.00","340.00","400.00","1640.00","1680.00"],["1840.00","1730.00","1660.00","1550.00","1500.00","1430.00","1340.00","1230.00","1160.00","1130.00","1110.00","1010.00","910.00","880.00","840.00","810.00","780.00","770.00","610.00","550.00","520.00","490.00","380.00","310.00","250.00","200.00","110.00","0.00","30.00","160.00","250.00","280.00","320.00","410.00","470.00","540.00","630.00","760.00","830.00","850.00","960.00","730.00","1530.00","1010.00","1410.00","1290.00","1220.00","1150.00","1490.00","1590.00","1010.00","1150.00","1220.00","1340.00","190.00","160.00","190.00","230.00","400.00","530.00","590.00","0.00","1660.00","1290.00","1350.00","300.00","310.00","340.00","380.00","450.00","510.00","1750.00","1790.00"],["1870.00","1760.00","1690.00","1580.00","1530.00","1460.00","1370.00","1260.00","1190.00","1160.00","1140.00","1040.00","940.00","900.00","870.00","840.00","810.00","800.00","640.00","580.00","540.00","520.00","400.00","330.00","270.00","230.00","140.00","30.00","0.00","130.00","220.00","250.00","290.00","380.00","440.00","510.00","600.00","730.00","800.00","820.00","930.00","700.00","1560.00","1040.00","1440.00","1320.00","1250.00","1180.00","1520.00","1620.00","1040.00","1180.00","1250.00","1370.00","160.00","130.00","160.00","210.00","370.00","500.00","560.00","0.00","1690.00","1320.00","1380.00","320.00","330.00","370.00","410.00","480.00","540.00","1780.00","1820.00"],["2000.00","1890.00","1820.00","1710.00","1660.00","1590.00","1500.00","1390.00","1320.00","1290.00","1270.00","1170.00","1070.00","1040.00","1000.00","970.00","940.00","930.00","770.00","710.00","680.00","660.00","540.00","470.00","410.00","360.00","270.00","160.00","130.00","0.00","90.00","120.00","160.00","250.00","310.00","370.00","470.00","590.00","670.00","690.00","800.00","600.00","1690.00","1170.00","1570.00","1450.00","1380.00","1310.00","1650.00","1750.00","1170.00","1310.00","1380.00","1500.00","30.00","30.00","70.00","110.00","270.00","410.00","470.00","0.00","1820.00","1450.00","1510.00","460.00","470.00","500.00","540.00","610.00","670.00","1910.00","1950.00"],["2090.00","1980.00","1910.00","1800.00","1750.00","1680.00","1590.00","1480.00","1410.00","1380.00","1360.00","1260.00","1160.00","1130.00","1090.00","1060.00","1030.00","1020.00","860.00","800.00","760.00","740.00","620.00","550.00","500.00","450.00","360.00","250.00","220.00","90.00","0.00","30.00","70.00","160.00","220.00","290.00","380.00","510.00","580.00","600.00","710.00","690.00","1780.00","90.00","1660.00","1540.00","1470.00","1400.00","1740.00","1840.00","1260.00","1400.00","1470.00","1590.00","60.00","120.00","160.00","200.00","360.00","500.00","560.00","0.00","1910.00","1540.00","1600.00","550.00","560.00","590.00","630.00","700.00","760.00","2000.00","2040.00"],["2120.00","2010.00","1940.00","1830.00","1780.00","1710.00","1620.00","1510.00","1440.00","1410.00","1390.00","1290.00","1190.00","1160.00","1130.00","1090.00","1060.00","1050.00","900.00","830.00","800.00","780.00","660.00","590.00","530.00","480.00","390.00","280.00","250.00","120.00","30.00","0.00","40.00","130.00","190.00","250.00","350.00","470.00","550.00","570.00","680.00","720.00","1810.00","120.00","1690.00","1570.00","1500.00","1430.00","1770.00","1870.00","1290.00","1430.00","1500.00","1620.00","90.00","150.00","190.00","230.00","400.00","530.00","590.00","0.00","1940.00","1570.00","1630.00","580.00","590.00","620.00","660.00","730.00","790.00","2030.00","2070.00"],["2160.00","2050.00","1980.00","1870.00","1820.00","1750.00","1660.00","1550.00","1480.00","1450.00","1430.00","1330.00","1230.00","1200.00","1170.00","1130.00","1100.00","1090.00","940.00","870.00","840.00","820.00","700.00","630.00","570.00","520.00","430.00","320.00","290.00","160.00","70.00","40.00","0.00","90.00","150.00","210.00","310.00","430.00","510.00","530.00","640.00","760.00","1850.00","160.00","1730.00","1610.00","1540.00","1470.00","1810.00","1810.00","1330.00","1470.00","1540.00","1660.00","130.00","190.00","230.00","270.00","440.00","570.00","630.00","0.00","1980.00","1610.00","1670.00","620.00","630.00","660.00","700.00","770.00","830.00","2070.00","2110.00"],["2250.00","2140.00","2070.00","1960.00","1910.00","1840.00","1750.00","1640.00","1570.00","1540.00","1520.00","1420.00","1320.00","1290.00","1250.00","1220.00","1190.00","1180.00","1020.00","960.00","930.00","900.00","790.00","720.00","660.00","610.00","520.00","410.00","380.00","250.00","160.00","130.00","90.00","0.00","60.00","130.00","220.00","350.00","420.00","440.00","550.00","850.00","1940.00","250.00","1820.00","1700.00","1630.00","1560.00","1900.00","2000.00","1420.00","1560.00","1630.00","1750.00","220.00","280.00","320.00","360.00","520.00","660.00","720.00","0.00","2070.00","1700.00","1760.00","710.00","720.00","750.00","790.00","860.00","920.00","2160.00","2200.00"],["2310.00","2200.00","2130.00","2020.00","1970.00","1900.00","1810.00","1700.00","1630.00","1600.00","1580.00","1480.00","1380.00","1350.00","1310.00","1280.00","1250.00","1240.00","1080.00","1020.00","990.00","960.00","850.00","780.00","720.00","670.00","580.00","470.00","440.00","310.00","220.00","190.00","150.00","60.00","0.00","70.00","160.00","290.00","360.00","380.00","490.00","910.00","2000.00","310.00","1880.00","1820.00","1690.00","1620.00","1960.00","2060.00","1480.00","1620.00","1690.00","1810.00","280.00","340.00","380.00","420.00","580.00","720.00","780.00","0.00","2130.00","1760.00","1820.00","1670.00","1680.00","1710.00","1750.00","1820.00","980.00","2220.00","2260.00"],["2370.00","2260.00","2190.00","2080.00","2030.00","1960.00","1870.00","1760.00","1690.00","1660.00","1640.00","1550.00","1450.00","1410.00","1380.00","1340.00","1310.00","1310.00","1150.00","1090.00","1050.00","1030.00","910.00","840.00","780.00","740.00","650.00","540.00","510.00","370.00","290.00","250.00","210.00","130.00","70.00","0.00","90.00","220.00","290.00","310.00","430.00","980.00","2060.00","370.00","1940.00","1920.00","1750.00","1680.00","2020.00","2120.00","1540.00","1680.00","1750.00","1870.00","340.00","410.00","440.00","480.00","650.00","780.00","840.00","0.00","2200.00","1830.00","1890.00","830.00","840.00","880.00","910.00","990.00","1040.00","2290.00","2330.00"],["2470.00","2360.00","2290.00","2180.00","2130.00","2060.00","1970.00","1860.00","1790.00","1760.00","1740.00","1640.00","1540.00","1510.00","1470.00","1440.00","1410.00","1400.00","1240.00","1180.00","1150.00","1120.00","1010.00","940.00","880.00","830.00","740.00","630.00","600.00","470.00","380.00","350.00","310.00","220.00","160.00","90.00","0.00","130.00","200.00","220.00","330.00","1070.00","2160.00","470.00","2040.00","2040.00","1850.00","1780.00","2120.00","2220.00","1640.00","1780.00","1850.00","1970.00","440.00","500.00","540.00","580.00","740.00","880.00","940.00","0.00","2290.00","1920.00","1980.00","930.00","940.00","970.00","1010.00","1080.00","1140.00","2380.00","2420.00"],["2590.00","2480.00","2410.00","2300.00","2250.00","2180.00","2090.00","1980.00","1910.00","1880.00","1860.00","1770.00","1670.00","1630.00","1600.00","1560.00","1530.00","1530.00","1370.00","1310.00","1270.00","1250.00","1130.00","1060.00","1000.00","960.00","870.00","760.00","730.00","590.00","510.00","470.00","430.00","350.00","290.00","220.00","130.00","0.00","70.00","90.00","210.00","1200.00","2280.00","590.00","2160.00","2120.00","1970.00","1900.00","2120.00","2340.00","1760.00","1900.00","1970.00","2090.00","560.00","630.00","660.00","700.00","870.00","1000.00","1060.00","0.00","2420.00","2050.00","2110.00","1050.00","1060.00","1100.00","1130.00","1210.00","1260.00","2510.00","2550.00"],["2670.00","2560.00","2490.00","2380.00","2330.00","2260.00","2170.00","2060.00","1990.00","1960.00","1940.00","1840.00","1740.00","1700.00","1670.00","1640.00","1610.00","1600.00","1440.00","1380.00","1340.00","1320.00","1200.00","1130.00","1080.00","1030.00","940.00","830.00","800.00","670.00","580.00","550.00","510.00","420.00","360.00","290.00","200.00","70.00","0.00","20.00","130.00","1270.00","2360.00","670.00","2240.00","2140.00","2050.00","1980.00","2240.00","2420.00","1840.00","670.00","2050.00","2170.00","640.00","700.00","740.00","780.00","940.00","1070.00","1140.00","0.00","2490.00","2120.00","2180.00","1130.00","1140.00","1170.00","1210.00","1280.00","1340.00","2580.00","2620.00"],["2690.00","2580.00","2510.00","2400.00","2350.00","2280.00","2190.00","2080.00","2010.00","1980.00","1960.00","1860.00","1760.00","1720.00","1690.00","1660.00","1630.00","1620.00","1460.00","1400.00","1360.00","1340.00","1220.00","1150.00","1100.00","1050.00","960.00","850.00","820.00","690.00","600.00","570.00","530.00","440.00","380.00","310.00","220.00","90.00","20.00","0.00","110.00","1290.00","2380.00","690.00","2260.00","2250.00","2070.00","2000.00","2320.00","2440.00","1860.00","2000.00","2070.00","2190.00","660.00","720.00","760.00","800.00","960.00","1090.00","1160.00","0.00","2510.00","2140.00","2200.00","1150.00","1160.00","1190.00","1230.00","1300.00","1360.00","2600.00","2640.00"],["2800.00","2690.00","2620.00","2510.00","2460.00","2390.00","2300.00","2190.00","2120.00","2090.00","2070.00","1970.00","1870.00","1840.00","1800.00","1770.00","1740.00","1730.00","1570.00","1510.00","1480.00","1460.00","1340.00","1270.00","1210.00","1160.00","1070.00","960.00","930.00","800.00","710.00","680.00","640.00","550.00","490.00","430.00","330.00","210.00","130.00","110.00","0.00","1400.00","2490.00","800.00","2370.00","2250.00","2180.00","2110.00","2450.00","2550.00","1970.00","2110.00","2180.00","2300.00","770.00","830.00","870.00","910.00","1070.00","1210.00","1270.00","0.00","2620.00","2250.00","2310.00","1260.00","1270.00","1300.00","1340.00","1410.00","1470.00","2710.00","2750.00"],["2570.00","2460.00","2390.00","2280.00","2230.00","2160.00","2070.00","1960.00","1890.00","1860.00","1840.00","1740.00","1640.00","1600.00","1570.00","1540.00","1500.00","1500.00","1340.00","1280.00","1240.00","1220.00","1100.00","1030.00","970.00","930.00","840.00","730.00","700.00","600.00","690.00","720.00","760.00","850.00","910.00","980.00","1070.00","1200.00","1270.00","1290.00","1400.00","0.00","2260.00","2210.00","2140.00","2020.00","1950.00","1880.00","2220.00","2320.00","1740.00","1880.00","1950.00","2070.00","630.00","570.00","530.00","490.00","330.00","200.00","130.00","0.00","2390.00","2020.00","2080.00","1020.00","1030.00","1070.00","1110.00","1180.00","1240.00","2480.00","2520.00"],["1350.00","1240.00","1170.00","1060.00","1010.00","940.00","850.00","740.00","670.00","640.00","620.00","520.00","620.00","660.00","690.00","720.00","750.00","760.00","920.00","980.00","1020.00","1040.00","1160.00","1230.00","1290.00","1370.00","1420.00","1530.00","1560.00","1690.00","1780.00","1810.00","1850.00","1940.00","2000.00","2060.00","2160.00","2280.00","2360.00","2380.00","2490.00","2260.00","0.00","0.00","120.00","240.00","320.00","380.00","1000.00","1100.00","520.00","660.00","730.00","850.00","1720.00","1690.00","1720.00","1770.00","1930.00","2060.00","2120.00","50.00","1170.00","380.00","450.00","1470.00","1480.00","1510.00","1550.00","1620.00","1680.00","1260.00","1300.00"],["0.00","0.00","0.00","0.00","0.00","0.00","0.00","0.00","0.00","0.00","0.00","0.00","0.00","0.00","0.00","0.00","0.00","0.00","0.00","0.00","0.00","0.00","0.00","0.00","0.00","0.00","0.00","0.00","0.00","0.00","0.00","0.00","0.00","0.00","0.00","0.00","0.00","0.00","0.00","0.00","0.00","0.00","50.00","0.00","0.00","0.00","0.00","0.00","0.00","0.00","0.00","0.00","0.00","0.00","0.00","0.00","0.00","0.00","0.00","0.00","0.00","0.00","0.00","0.00","0.00","0.00","0.00","0.00","0.00","0.00","0.00","0.00","0.00"],["1230.00","1120.00","1050.00","940.00","890.00","820.00","730.00","620.00","550.00","520.00","500.00","400.00","500.00","540.00","570.00","600.00","630.00","640.00","800.00","860.00","900.00","920.00","1040.00","1110.00","1170.00","1250.00","1300.00","1410.00","1440.00","1570.00","1660.00","1690.00","1730.00","1820.00","1880.00","1940.00","2040.00","2160.00","2240.00","2260.00","2370.00","2140.00","120.00","80.00","0.00","120.00","190.00","260.00","880.00","980.00","400.00","540.00","610.00","730.00","1600.00","1570.00","1600.00","1650.00","1810.00","1940.00","2000.00","0.00","1050.00","260.00","320.00","1350.00","1360.00","1390.00","1430.00","1500.00","1560.00","1140.00","1180.00"],["1110.00","1000.00","930.00","820.00","770.00","700.00","610.00","500.00","430.00","400.00","380.00","280.00","380.00","420.00","450.00","480.00","510.00","520.00","680.00","740.00","780.00","800.00","920.00","990.00","1050.00","1130.00","1180.00","1290.00","1320.00","1450.00","1540.00","1570.00","1610.00","1700.00","1820.00","1920.00","2040.00","2120.00","2140.00","2250.00","2250.00","2020.00","240.00","190.00","120.00","0.00","80.00","140.00","760.00","860.00","280.00","420.00","490.00","610.00","1480.00","1450.00","1480.00","1530.00","1690.00","1820.00","1880.00","0.00","930.00","140.00","200.00","1230.00","1240.00","1270.00","1310.00","1380.00","1440.00","1020.00","1060.00"],["1040.00","930.00","860.00","750.00","700.00","630.00","540.00","430.00","360.00","330.00","310.00","210.00","310.00","350.00","380.00","410.00","440.00","450.00","610.00","670.00","710.00","730.00","850.00","920.00","980.00","1060.00","1110.00","1220.00","1250.00","1380.00","1470.00","1500.00","1540.00","1630.00","1690.00","1750.00","1850.00","1970.00","2050.00","2070.00","2180.00","1950.00","320.00","270.00","190.00","80.00","0.00","70.00","690.00","790.00","210.00","350.00","420.00","540.00","1410.00","1380.00","1410.00","1460.00","1620.00","1750.00","1810.00","0.00","860.00","80.00","140.00","1160.00","1170.00","1200.00","1240.00","1310.00","1370.00","950.00","990.00"],["970.00","860.00","790.00","680.00","630.00","560.00","470.00","360.00","290.00","260.00","240.00","140.00","240.00","280.00","310.00","340.00","370.00","380.00","540.00","600.00","640.00","660.00","780.00","850.00","910.00","990.00","1040.00","1150.00","1180.00","1310.00","1400.00","1430.00","1470.00","1560.00","1620.00","1680.00","1780.00","1900.00","1980.00","2000.00","2110.00","1880.00","380.00","330.00","260.00","140.00","70.00","0.00","620.00","720.00","140.00","280.00","350.00","470.00","1340.00","1310.00","1340.00","1390.00","1550.00","1680.00","1740.00","0.00","790.00","140.00","200.00","1090.00","1100.00","1130.00","1170.00","1240.00","1300.00","880.00","920.00"],["1310.00","1200.00","1130.00","1020.00","970.00","900.00","810.00","700.00","630.00","600.00","580.00","480.00","580.00","620.00","650.00","680.00","710.00","720.00","880.00","940.00","980.00","1000.00","1120.00","1190.00","1250.00","1330.00","1380.00","1490.00","1520.00","1650.00","1740.00","1770.00","1810.00","1900.00","1960.00","2020.00","2120.00","2120.00","2240.00","2320.00","2450.00","2220.00","1000.00","480.00","880.00","760.00","690.00","620.00","0.00","100.00","480.00","340.00","270.00","150.00","1680.00","1650.00","1680.00","1730.00","1890.00","2020.00","2080.00","0.00","160.00","760.00","820.00","1430.00","1440.00","1470.00","1510.00","1580.00","1640.00","250.00","300.00"],["1410.00","1300.00","1230.00","1120.00","1070.00","1000.00","910.00","800.00","730.00","700.00","680.00","580.00","680.00","720.00","750.00","780.00","810.00","820.00","980.00","1040.00","1080.00","1100.00","1220.00","1290.00","1350.00","1430.00","1480.00","1590.00","1620.00","1750.00","1840.00","1870.00","2000.00","2000.00","2060.00","2120.00","2220.00","2340.00","2420.00","2440.00","2550.00","2320.00","1100.00","580.00","980.00","860.00","790.00","720.00","100.00","0.00","580.00","440.00","370.00","250.00","1780.00","1750.00","1780.00","1830.00","1990.00","2120.00","2180.00","0.00","70.00","860.00","920.00","1530.00","1540.00","1570.00","1610.00","1680.00","1740.00","160.00","200.00"],["830.00","720.00","650.00","540.00","490.00","420.00","330.00","220.00","150.00","120.00","100.00","0.00","100.00","140.00","170.00","200.00","230.00","240.00","400.00","460.00","500.00","520.00","640.00","710.00","770.00","850.00","900.00","1010.00","1040.00","1170.00","1260.00","1290.00","1330.00","1420.00","1480.00","1540.00","1640.00","1760.00","1840.00","1860.00","1970.00","1740.00","520.00","470.00","400.00","280.00","210.00","140.00","480.00","580.00","0.00","140.00","210.00","330.00","1200.00","1170.00","1200.00","1250.00","1410.00","1540.00","1600.00","0.00","650.00","280.00","340.00","950.00","960.00","990.00","1030.00","1100.00","1160.00","740.00","780.00"],["970.00","860.00","790.00","680.00","630.00","560.00","470.00","360.00","290.00","260.00","240.00","140.00","240.00","280.00","310.00","340.00","370.00","380.00","540.00","600.00","640.00","660.00","780.00","850.00","910.00","990.00","1040.00","1150.00","1180.00","1310.00","1400.00","1430.00","1470.00","1560.00","1620.00","1680.00","1780.00","1900.00","670.00","2000.00","2110.00","1880.00","660.00","140.00","540.00","420.00","350.00","280.00","340.00","440.00","140.00","0.00","70.00","190.00","1340.00","1310.00","1340.00","1390.00","1550.00","1680.00","1740.00","0.00","500.00","420.00","480.00","1090.00","1100.00","1130.00","1170.00","1240.00","1300.00","590.00","640.00"],["1040.00","930.00","860.00","750.00","700.00","630.00","540.00","430.00","360.00","330.00","310.00","210.00","310.00","350.00","380.00","410.00","440.00","450.00","610.00","670.00","710.00","730.00","850.00","920.00","980.00","1060.00","1110.00","1220.00","1250.00","1380.00","1470.00","1500.00","1540.00","1630.00","1690.00","1750.00","1850.00","1970.00","2050.00","2070.00","2180.00","1950.00","730.00","210.00","610.00","490.00","420.00","350.00","270.00","370.00","210.00","70.00","0.00","120.00","1200.00","1380.00","1410.00","1460.00","1620.00","1750.00","1810.00","0.00","430.00","490.00","550.00","1160.00","1170.00","1200.00","1240.00","1310.00","1370.00","520.00","570.00"],["1160.00","1050.00","980.00","870.00","820.00","750.00","660.00","550.00","480.00","450.00","430.00","330.00","430.00","470.00","500.00","530.00","560.00","570.00","730.00","790.00","830.00","850.00","970.00","1040.00","1100.00","1180.00","1230.00","1340.00","1370.00","1500.00","1590.00","1620.00","1660.00","1750.00","1810.00","1870.00","1970.00","2090.00","2170.00","2190.00","2300.00","2070.00","850.00","330.00","730.00","610.00","540.00","470.00","150.00","250.00","330.00","190.00","120.00","0.00","1530.00","1500.00","1530.00","1580.00","1740.00","1870.00","1930.00","0.00","320.00","610.00","670.00","1280.00","1290.00","1320.00","1360.00","1430.00","1490.00","400.00","450.00"],["2030.00","1920.00","1850.00","1740.00","1690.00","1620.00","1530.00","1420.00","1350.00","1320.00","1300.00","1200.00","1100.00","1070.00","1040.00","1000.00","970.00","960.00","810.00","740.00","710.00","690.00","570.00","500.00","440.00","390.00","300.00","190.00","160.00","30.00","60.00","90.00","130.00","220.00","280.00","340.00","440.00","560.00","640.00","660.00","770.00","630.00","1720.00","1200.00","1600.00","1480.00","1410.00","1340.00","1680.00","1780.00","1200.00","1340.00","1200.00","1530.00","0.00","60.00","100.00","140.00","300.00","440.00","500.00","0.00","1850.00","1480.00","1540.00","490.00","500.00","530.00","570.00","640.00","700.00","1940.00","1980.00"],["2000.00","1890.00","1820.00","1710.00","1660.00","1590.00","1500.00","1390.00","1320.00","1290.00","1270.00","1170.00","1070.00","1030.00","1000.00","970.00","930.00","930.00","770.00","710.00","670.00","650.00","530.00","460.00","400.00","360.00","270.00","160.00","130.00","30.00","120.00","150.00","190.00","280.00","340.00","410.00","500.00","630.00","700.00","720.00","830.00","570.00","1690.00","1170.00","1570.00","1450.00","1380.00","1310.00","1650.00","1750.00","1170.00","1310.00","1380.00","1500.00","60.00","0.00","40.00","80.00","240.00","370.00","440.00","0.00","1820.00","1450.00","1510.00","450.00","460.00","500.00","540.00","610.00","660.00","1910.00","1950.00"],["2030.00","1920.00","1850.00","1740.00","1690.00","1620.00","1530.00","1420.00","1350.00","1320.00","1300.00","1200.00","1100.00","1070.00","1040.00","1000.00","970.00","960.00","810.00","740.00","710.00","690.00","570.00","500.00","440.00","390.00","300.00","190.00","160.00","70.00","160.00","190.00","230.00","320.00","380.00","440.00","540.00","660.00","740.00","760.00","870.00","530.00","1720.00","1200.00","1600.00","1480.00","1410.00","1340.00","1680.00","1780.00","1200.00","1340.00","1410.00","1530.00","100.00","40.00","0.00","40.00","210.00","340.00","400.00","0.00","1850.00","1480.00","1540.00","490.00","500.00","530.00","570.00","640.00","700.00","1940.00","1980.00"],["2080.00","1970.00","1900.00","1790.00","1740.00","1670.00","1580.00","1470.00","1400.00","1370.00","1350.00","1250.00","1140.00","1110.00","1080.00","1040.00","1010.00","1000.00","850.00","780.00","750.00","730.00","610.00","540.00","480.00","430.00","340.00","230.00","210.00","110.00","200.00","230.00","270.00","360.00","420.00","480.00","580.00","700.00","780.00","800.00","910.00","490.00","1770.00","1410.00","1650.00","1530.00","1460.00","1390.00","1730.00","1830.00","1250.00","1390.00","1460.00","1580.00","140.00","80.00","40.00","0.00","160.00","300.00","360.00","0.00","1900.00","1530.00","1590.00","530.00","540.00","570.00","610.00","680.00","740.00","1990.00","2030.00"],["2240.00","2130.00","2060.00","1950.00","1900.00","1830.00","1740.00","1630.00","1560.00","1530.00","1510.00","1410.00","1310.00","1270.00","1240.00","1210.00","1180.00","1170.00","1010.00","950.00","910.00","890.00","770.00","700.00","640.00","600.00","510.00","400.00","370.00","270.00","360.00","400.00","440.00","520.00","580.00","650.00","740.00","870.00","940.00","960.00","1070.00","330.00","1930.00","141