var цене = [
  [
    '0.00',
    '110.00',
    '170.00',
    '280.00',
    '330.00',
    '400.00',
    '490.00',
    '590.00',
    '660.00',
    '0.00',
    '710.00',
    '800.00',
    '900.00',
    '930.00',
    '960.00',
    '990.00',
    '1020.00',
    '1030.00',
    '1180.00',
    '1240.00',
    '1280.00',
    '1300.00',
    '1410.00',
    '1480.00',
    '1530.00',
    '1620.00',
    '1660.00',
    '1770.00',
    '1800.00',
    '1930.00',
    '2010.00',
    '2050.00',
    '2080.00',
    '2170.00',
    '2230.00',
    '2290.00',
    '2380.00',
    '2500.00',
    '2570.00',
    '2590.00',
    '2700.00',
    '2470.00',
    '1300.00',
    '800.00',
    '1180.00',
    '1070.00',
    '1000.00',
    '930.00',
    '1260.00',
    '1360.00',
    '800.00',
    '940.00',
    '1010.00',
    '1120.00',
    '1960.00',
    '1920.00',
    '1960.00',
    '1990.00',
    '2150.00',
    '2280.00',
    '2340.00',
    '0.00',
    '1420.00',
    '1070.00',
    '1130.00',
    '1710.00',
    '1720.00',
    '1750.00',
    '',
  ],
  [
    '110.00',
    '0.00',
    '60.00',
    '170.00',
    '230.00',
    '290.00',
    '380.00',
    '480.00',
    '550.00',
    '0.00',
    '600.00',
    '690.00',
    '790.00',
    '820.00',
    '850.00',
    '880.00',
    '910.00',
    '920.00',
    '1070.00',
    '1130.00',
    '1170.00',
    '1190.00',
    '1300.00',
    '1370.00',
    '1420.00',
    '1510.00',
    '1550.00',
    '1660.00',
    '1690.00',
    '1820.00',
    '1900.00',
    '1940.00',
    '1970.00',
    '2060.00',
    '2120.00',
    '2180.00',
    '2270.00',
    '2390.00',
    '2460.00',
    '2480.00',
    '2590.00',
    '2360.00',
    '1190.00',
    '690.00',
    '1070.00',
    '960.00',
    '890.00',
    '820.00',
    '1150.00',
    '1250.00',
    '690.00',
    '830.00',
    '900.00',
    '1010.00',
    '1850.00',
    '1810.00',
    '1850.00',
    '1880.00',
    '2040.00',
    '2170.00',
    '2230.00',
    '0.00',
    '1310.00',
    '960.00',
    '1020.00',
    '1600.00',
    '1610.00',
    '1640.00',
    '',
  ],
  [
    '170.00',
    '60.00',
    '0.00',
    '110.00',
    '160.00',
    '230.00',
    '310.00',
    '410.00',
    '490.00',
    '0.00',
    '540.00',
    '630.00',
    '730.00',
    '760.00',
    '790.00',
    '820.00',
    '850.00',
    '860.00',
    '1010.00',
    '1070.00',
    '1110.00',
    '1130.00',
    '1240.00',
    '1310.00',
    '1360.00',
    '1450.00',
    '1490.00',
    '1600.00',
    '1630.00',
    '1760.00',
    '1840.00',
    '1880.00',
    '1910.00',
    '2000.00',
    '2060.00',
    '2120.00',
    '2210.00',
    '2330.00',
    '2400.00',
    '2420.00',
    '2530.00',
    '2300.00',
    '1130.00',
    '630.00',
    '1010.00',
    '900.00',
    '830.00',
    '760.00',
    '1090.00',
    '1190.00',
    '630.00',
    '770.00',
    '840.00',
    '950.00',
    '1790.00',
    '1750.00',
    '1790.00',
    '1820.00',
    '1980.00',
    '2110.00',
    '2170.00',
    '0.00',
    '1250.00',
    '900.00',
    '960.00',
    '1540.00',
    '1550.00',
    '1580.00',
    '',
  ],
  [
    '280.00',
    '170.00',
    '110.00',
    '0.00',
    '50.00',
    '120.00',
    '210.00',
    '310.00',
    '380.00',
    '0.00',
    '430.00',
    '520.00',
    '620.00',
    '650.00',
    '680.00',
    '710.00',
    '740.00',
    '750.00',
    '900.00',
    '960.00',
    '1000.00',
    '1020.00',
    '1130.00',
    '1200.00',
    '1250.00',
    '1340.00',
    '1380.00',
    '1490.00',
    '1520.00',
    '1650.00',
    '1730.00',
    '1770.00',
    '1800.00',
    '1890.00',
    '1950.00',
    '2010.00',
    '2100.00',
    '2220.00',
    '2290.00',
    '2310.00',
    '2420.00',
    '2190.00',
    '1020.00',
    '520.00',
    '900.00',
    '790.00',
    '720.00',
    '650.00',
    '980.00',
    '1080.00',
    '520.00',
    '660.00',
    '730.00',
    '840.00',
    '1680.00',
    '1640.00',
    '1680.00',
    '1710.00',
    '1870.00',
    '2000.00',
    '2060.00',
    '0.00',
    '1140.00',
    '1070.00',
    '850.00',
    '1430.00',
    '1440.00',
    '1470.00',
    '',
  ],
  [
    '330.00',
    '230.00',
    '160.00',
    '50.00',
    '0.00',
    '70.00',
    '150.00',
    '250.00',
    '330.00',
    '0.00',
    '370.00',
    '470.00',
    '570.00',
    '600.00',
    '630.00',
    '660.00',
    '690.00',
    '700.00',
    '850.00',
    '910.00',
    '950.00',
    '970.00',
    '1080.00',
    '1150.00',
    '1200.00',
    '1290.00',
    '1330.00',
    '1440.00',
    '1470.00',
    '1600.00',
    '1680.00',
    '1720.00',
    '1750.00',
    '1840.00',
    '1900.00',
    '1960.00',
    '2050.00',
    '2170.00',
    '2240.00',
    '2260.00',
    '2370.00',
    '2140.00',
    '970.00',
    '470.00',
    '850.00',
    '740.00',
    '670.00',
    '600.00',
    '930.00',
    '1030.00',
    '470.00',
    '610.00',
    '680.00',
    '790.00',
    '1630.00',
    '1590.00',
    '1630.00',
    '1660.00',
    '1820.00',
    '1950.00',
    '2010.00',
    '0.00',
    '1090.00',
    '740.00',
    '800.00',
    '1380.00',
    '1390.00',
    '1420.00',
    '',
  ],
  [
    '400.00',
    '290.00',
    '230.00',
    '120.00',
    '70.00',
    '0.00',
    '90.00',
    '190.00',
    '260.00',
    '0.00',
    '310.00',
    '400.00',
    '500.00',
    '530.00',
    '560.00',
    '590.00',
    '620.00',
    '630.00',
    '780.00',
    '840.00',
    '880.00',
    '900.00',
    '1010.00',
    '1080.00',
    '1130.00',
    '1220.00',
    '1260.00',
    '1370.00',
    '1400.00',
    '1530.00',
    '1610.00',
    '1650.00',
    '1680.00',
    '1770.00',
    '1830.00',
    '1890.00',
    '1980.00',
    '2100.00',
    '2170.00',
    '2190.00',
    '2300.00',
    '2070.00',
    '900.00',
    '400.00',
    '780.00',
    '670.00',
    '600.00',
    '530.00',
    '860.00',
    '960.00',
    '400.00',
    '540.00',
    '610.00',
    '720.00',
    '1560.00',
    '1520.00',
    '1560.00',
    '1590.00',
    '1750.00',
    '1880.00',
    '1940.00',
    '0.00',
    '1020.00',
    '670.00',
    '730.00',
    '1310.00',
    '1320.00',
    '1350.00',
    '',
  ],
  [
    '490.00',
    '380.00',
    '310.00',
    '210.00',
    '150.00',
    '90.00',
    '0.00',
    '100.00',
    '170.00',
    '0.00',
    '220.00',
    '310.00',
    '410.00',
    '440.00',
    '470.00',
    '500.00',
    '530.00',
    '540.00',
    '690.00',
    '750.00',
    '790.00',
    '810.00',
    '920.00',
    '990.00',
    '1040.00',
    '1130.00',
    '1170.00',
    '1280.00',
    '1310.00',
    '1440.00',
    '1520.00',
    '1560.00',
    '1590.00',
    '1680.00',
    '1740.00',
    '1800.00',
    '1890.00',
    '2010.00',
    '2080.00',
    '2100.00',
    '2210.00',
    '1980.00',
    '810.00',
    '310.00',
    '690.00',
    '580.00',
    '510.00',
    '440.00',
    '770.00',
    '870.00',
    '310.00',
    '450.00',
    '520.00',
    '630.00',
    '1470.00',
    '1430.00',
    '1470.00',
    '1500.00',
    '1660.00',
    '1790.00',
    '1850.00',
    '0.00',
    '930.00',
    '580.00',
    '640.00',
    '1220.00',
    '1230.00',
    '1260.00',
    '',
  ],
  [
    '590.00',
    '480.00',
    '410.00',
    '310.00',
    '250.00',
    '190.00',
    '100.00',
    '0.00',
    '70.00',
    '0.00',
    '120.00',
    '210.00',
    '310.00',
    '340.00',
    '370.00',
    '400.00',
    '430.00',
    '440.00',
    '590.00',
    '650.00',
    '690.00',
    '710.00',
    '820.00',
    '890.00',
    '940.00',
    '1030.00',
    '1070.00',
    '1180.00',
    '1210.00',
    '1340.00',
    '1420.00',
    '1460.00',
    '1490.00',
    '1580.00',
    '1640.00',
    '1700.00',
    '1790.00',
    '1910.00',
    '1980.00',
    '2000.00',
    '2110.00',
    '1880.00',
    '710.00',
    '210.00',
    '590.00',
    '480.00',
    '410.00',
    '340.00',
    '670.00',
    '770.00',
    '210.00',
    '350.00',
    '420.00',
    '530.00',
    '1370.00',
    '1330.00',
    '1370.00',
    '1400.00',
    '1560.00',
    '1690.00',
    '1750.00',
    '0.00',
    '830.00',
    '480.00',
    '540.00',
    '1120.00',
    '1130.00',
    '1160.00',
    '',
  ],
  [
    '660.00',
    '550.00',
    '490.00',
    '380.00',
    '330.00',
    '260.00',
    '170.00',
    '70.00',
    '0.00',
    '0.00',
    '50.00',
    '140.00',
    '240.00',
    '270.00',
    '300.00',
    '330.00',
    '360.00',
    '370.00',
    '520.00',
    '580.00',
    '620.00',
    '640.00',
    '750.00',
    '820.00',
    '870.00',
    '960.00',
    '1000.00',
    '1110.00',
    '1140.00',
    '1270.00',
    '1350.00',
    '1390.00',
    '1420.00',
    '1510.00',
    '1570.00',
    '1630.00',
    '1720.00',
    '1840.00',
    '1910.00',
    '1930.00',
    '2040.00',
    '1810.00',
    '640.00',
    '140.00',
    '520.00',
    '410.00',
    '340.00',
    '270.00',
    '600.00',
    '700.00',
    '140.00',
    '280.00',
    '350.00',
    '460.00',
    '1300.00',
    '1260.00',
    '1300.00',
    '1330.00',
    '1490.00',
    '1620.00',
    '1680.00',
    '0.00',
    '760.00',
    '410.00',
    '470.00',
    '1050.00',
    '1060.00',
    '1090.00',
    '',
  ],
  [
    '0.00',
    '0.00',
    '0.00',
    '0.00',
    '0.00',
    '0.00',
    '0.00',
    '0.00',
    '0.00',
    '0.00',
    '20.00',
    '120.00',
    '220.00',
    '250.00',
    '280.00',
    '310.00',
    '340.00',
    '350.00',
    '500.00',
    '560.00',
    '600.00',
    '620.00',
    '730.00',
    '800.00',
    '850.00',
    '940.00',
    '980.00',
    '1090.00',
    '1120.00',
    '1250.00',
    '1330.00',
    '1370.00',
    '1400.00',
    '1490.00',
    '1550.00',
    '1610.00',
    '1700.00',
    '1820.00',
    '1890.00',
    '1910.00',
    '2020.00',
    '1790.00',
    '620.00',
    '120.00',
    '500.00',
    '390.00',
    '320.00',
    '250.00',
    '580.00',
    '680.00',
    '120.00',
    '260.00',
    '330.00',
    '440.00',
    '1280.00',
    '1240.00',
    '1280.00',
    '1310.00',
    '1470.00',
    '1600.00',
    '1660.00',
    '0.00',
    '740.00',
    '390.00',
    '450.00',
    '1030.00',
    '1040.00',
    '1070.00',
    '',
  ],
  [
    '710.00',
    '600.00',
    '540.00',
    '430.00',
    '370.00',
    '310.00',
    '220.00',
    '120.00',
    '50.00',
    '20.00',
    '0.00',
    '90.00',
    '190.00',
    '220.00',
    '250.00',
    '280.00',
    '310.00',
    '320.00',
    '470.00',
    '530.00',
    '570.00',
    '590.00',
    '700.00',
    '770.00',
    '820.00',
    '910.00',
    '950.00',
    '1060.00',
    '1090.00',
    '1220.00',
    '1300.00',
    '1340.00',
    '1370.00',
    '1460.00',
    '1520.00',
    '1580.00',
    '1670.00',
    '1790.00',
    '1860.00',
    '1880.00',
    '1990.00',
    '1760.00',
    '590.00',
    '90.00',
    '470.00',
    '360.00',
    '290.00',
    '220.00',
    '550.00',
    '650.00',
    '90.00',
    '230.00',
    '300.00',
    '410.00',
    '1250.00',
    '1210.00',
    '1250.00',
    '1280.00',
    '1440.00',
    '1570.00',
    '1630.00',
    '0.00',
    '710.00',
    '360.00',
    '420.00',
    '1000.00',
    '1010.00',
    '1040.00',
    '',
  ],
  [
    '800.00',
    '690.00',
    '630.00',
    '520.00',
    '470.00',
    '400.00',
    '310.00',
    '210.00',
    '140.00',
    '120.00',
    '90.00',
    '0.00',
    '100.00',
    '130.00',
    '160.00',
    '190.00',
    '220.00',
    '230.00',
    '380.00',
    '440.00',
    '480.00',
    '500.00',
    '610.00',
    '680.00',
    '730.00',
    '820.00',
    '860.00',
    '970.00',
    '1000.00',
    '1130.00',
    '1210.00',
    '1240.00',
    '1280.00',
    '1360.00',
    '1420.00',
    '1490.00',
    '1580.00',
    '1700.00',
    '1770.00',
    '1790.00',
    '1890.00',
    '1670.00',
    '500.00',
    '450.00',
    '380.00',
    '270.00',
    '200.00',
    '130.00',
    '460.00',
    '560.00',
    '0.00',
    '140.00',
    '210.00',
    '320.00',
    '1160.00',
    '1120.00',
    '1160.00',
    '1190.00',
    '1350.00',
    '1480.00',
    '1540.00',
    '0.00',
    '620.00',
    '270.00',
    '330.00',
    '910.00',
    '920.00',
    '950.00',
    '',
  ],
  [
    '900.00',
    '790.00',
    '730.00',
    '620.00',
    '570.00',
    '500.00',
    '410.00',
    '310.00',
    '240.00',
    '220.00',
    '190.00',
    '100.00',
    '0.00',
    '30.00',
    '60.00',
    '100.00',
    '130.00',
    '130.00',
    '290.00',
    '350.00',
    '380.00',
    '400.00',
    '510.00',
    '580.00',
    '640.00',
    '720.00',
    '770.00',
    '870.00',
    '900.00',
    '1030.00',
    '1110.00',
    '1140.00',
    '1180.00',
    '1270.00',
    '1330.00',
    '1390.00',
    '1480.00',
    '1600.00',
    '1670.00',
    '1690.00',
    '1800.00',
    '1570.00',
    '600.00',
    '100.00',
    '480.00',
    '370.00',
    '300.00',
    '230.00',
    '560.00',
    '660.00',
    '100.00',
    '240.00',
    '310.00',
    '420.00',
    '1060.00',
    '1020.00',
    '1060.00',
    '1100.00',
    '1260.00',
    '1380.00',
    '1440.00',
    '0.00',
    '720.00',
    '370.00',
    '430.00',
    '810.00',
    '820.00',
    '850.00',
    '',
  ],
  [
    '930.00',
    '820.00',
    '760.00',
    '650.00',
    '600.00',
    '530.00',
    '440.00',
    '340.00',
    '270.00',
    '250.00',
    '220.00',
    '130.00',
    '30.00',
    '0.00',
    '30.00',
    '60.00',
    '90.00',
    '100.00',
    '250.00',
    '310.00',
    '350.00',
    '370.00',
    '480.00',
    '550.00',
    '600.00',
    '690.00',
    '730.00',
    '840.00',
    '870.00',
    '990.00',
    '1080.00',
    '1110.00',
    '1150.00',
    '1230.00',
    '1290.00',
    '1350.00',
    '1440.00',
    '1570.00',
    '1640.00',
    '1660.00',
    '1760.00',
    '1540.00',
    '630.00',
    '130.00',
    '510.00',
    '400.00',
    '330.00',
    '260.00',
    '590.00',
    '690.00',
    '130.00',
    '270.00',
    '340.00',
    '450.00',
    '1020.00',
    '990.00',
    '1020.00',
    '1060.00',
    '1220.00',
    '1350.00',
    '1410.00',
    '0.00',
    '750.00',
    '400.00',
    '460.00',
    '780.00',
    '790.00',
    '820.00',
    '',
  ],
  [
    '960.00',
    '850.00',
    '790.00',
    '680.00',
    '630.00',
    '560.00',
    '470.00',
    '370.00',
    '300.00',
    '280.00',
    '250.00',
    '160.00',
    '60.00',
    '30.00',
    '0.00',
    '30.00',
    '60.00',
    '70.00',
    '220.00',
    '280.00',
    '310.00',
    '330.00',
    '450.00',
    '520.00',
    '570.00',
    '660.00',
    '700.00',
    '810.00',
    '840.00',
    '960.00',
    '1050.00',
    '1080.00',
    '1120.00',
    '1200.00',
    '1260.00',
    '1320.00',
    '1410.00',
    '1530.00',
    '1600.00',
    '1620.00',
    '1730.00',
    '1510.00',
    '660.00',
    '160.00',
    '540.00',
    '430.00',
    '360.00',
    '290.00',
    '620.00',
    '720.00',
    '160.00',
    '300.00',
    '370.00',
    '480.00',
    '990.00',
    '960.00',
    '990.00',
    '1030.00',
    '1190.00',
    '1320.00',
    '1380.00',
    '0.00',
    '780.00',
    '430.00',
    '490.00',
    '750.00',
    '760.00',
    '790.00',
    '',
  ],
  [
    '990.00',
    '880.00',
    '820.00',
    '710.00',
    '660.00',
    '590.00',
    '500.00',
    '400.00',
    '330.00',
    '310.00',
    '280.00',
    '190.00',
    '100.00',
    '60.00',
    '30.00',
    '0.00',
    '30.00',
    '40.00',
    '190.00',
    '250.00',
    '280.00',
    '300.00',
    '420.00',
    '480.00',
    '540.00',
    '620.00',
    '670.00',
    '780.00',
    '800.00',
    '930.00',
    '1020.00',
    '1050.00',
    '1090.00',
    '1170.00',
    '1230.00',
    '1290.00',
    '1380.00',
    '1500.00',
    '1570.00',
    '1590.00',
    '1700.00',
    '1470.00',
    '690.00',
    '190.00',
    '570.00',
    '460.00',
    '390.00',
    '320.00',
    '650.00',
    '750.00',
    '190.00',
    '330.00',
    '400.00',
    '510.00',
    '960.00',
    '930.00',
    '960.00',
    '1000.00',
    '1160.00',
    '1290.00',
    '1340.00',
    '0.00',
    '810.00',
    '460.00',
    '520.00',
    '710.00',
    '720.00',
    '760.00',
    '',
  ],
  [
    '1020.00',
    '910.00',
    '850.00',
    '740.00',
    '690.00',
    '620.00',
    '530.00',
    '430.00',
    '360.00',
    '340.00',
    '310.00',
    '220.00',
    '130.00',
    '90.00',
    '60.00',
    '30.00',
    '0.00',
    '10.00',
    '160.00',
    '220.00',
    '250.00',
    '270.00',
    '390.00',
    '450.00',
    '510.00',
    '590.00',
    '640.00',
    '750.00',
    '770.00',
    '900.00',
    '990.00',
    '1020.00',
    '1060.00',
    '1140.00',
    '1200.00',
    '1260.00',
    '1350.00',
    '1470.00',
    '1540.00',
    '1560.00',
    '1670.00',
    '1440.00',
    '720.00',
    '220.00',
    '600.00',
    '490.00',
    '420.00',
    '350.00',
    '680.00',
    '780.00',
    '220.00',
    '360.00',
    '430.00',
    '540.00',
    '930.00',
    '900.00',
    '930.00',
    '970.00',
    '1130.00',
    '1260.00',
    '1310.00',
    '0.00',
    '840.00',
    '490.00',
    '550.00',
    '680.00',
    '690.00',
    '730.00',
    '',
  ],
  [
    '1030.00',
    '920.00',
    '860.00',
    '750.00',
    '700.00',
    '620.00',
    '540.00',
    '440.00',
    '370.00',
    '350.00',
    '320.00',
    '230.00',
    '130.00',
    '100.00',
    '70.00',
    '40.00',
    '10.00',
    '0.00',
    '150.00',
    '210.00',
    '240.00',
    '260.00',
    '380.00',
    '450.00',
    '500.00',
    '590.00',
    '630.00',
    '740.00',
    '770.00',
    '890.00',
    '980.00',
    '1010.00',
    '1050.00',
    '1130.00',
    '1190.00',
    '1250.00',
    '1340.00',
    '1460.00',
    '1530.00',
    '1550.00',
    '1660.00',
    '1440.00',
    '730.00',
    '230.00',
    '610.00',
    '500.00',
    '430.00',
    '360.00',
    '690.00',
    '790.00',
    '230.00',
    '370.00',
    '440.00',
    '550.00',
    '920.00',
    '890.00',
    '920.00',
    '960.00',
    '1120.00',
    '1250.00',
    '1310.00',
    '0.00',
    '850.00',
    '500.00',
    '560.00',
    '680.00',
    '690.00',
    '720.00',
    '',
  ],
  [
    '1180.00',
    '1070.00',
    '1010.00',
    '900.00',
    '850.00',
    '780.00',
    '690.00',
    '590.00',
    '520.00',
    '500.00',
    '470.00',
    '380.00',
    '290.00',
    '250.00',
    '220.00',
    '190.00',
    '160.00',
    '150.00',
    '0.00',
    '60.00',
    '90.00',
    '110.00',
    '230.00',
    '300.00',
    '350.00',
    '430.00',
    '480.00',
    '590.00',
    '610.00',
    '740.00',
    '830.00',
    '860.00',
    '900.00',
    '980.00',
    '1040.00',
    '1100.00',
    '1190.00',
    '1310.00',
    '1380.00',
    '1400.00',
    '1510.00',
    '1290.00',
    '880.00',
    '380.00',
    '760.00',
    '650.00',
    '580.00',
    '510.00',
    '840.00',
    '940.00',
    '380.00',
    '520.00',
    '590.00',
    '700.00',
    '770.00',
    '740.00',
    '770.00',
    '810.00',
    '970.00',
    '1100.00',
    '1160.00',
    '0.00',
    '1000.00',
    '650.00',
    '710.00',
    '530.00',
    '540.00',
    '570.00',
    '',
  ],
  [
    '1240.00',
    '1130.00',
    '1070.00',
    '960.00',
    '910.00',
    '840.00',
    '750.00',
    '650.00',
    '580.00',
    '560.00',
    '530.00',
    '440.00',
    '350.00',
    '310.00',
    '280.00',
    '250.00',
    '220.00',
    '210.00',
    '60.00',
    '0.00',
    '30.00',
    '50.00',
    '170.00',
    '230.00',
    '290.00',
    '370.00',
    '420.00',
    '530.00',
    '550.00',
    '680.00',
    '770.00',
    '800.00',
    '840.00',
    '920.00',
    '980.00',
    '1040.00',
    '1130.00',
    '1250.00',
    '1320.00',
    '1340.00',
    '1450.00',
    '1220.00',
    '940.00',
    '440.00',
    '820.00',
    '710.00',
    '640.00',
    '570.00',
    '900.00',
    '1000.00',
    '440.00',
    '580.00',
    '650.00',
    '760.00',
    '710.00',
    '680.00',
    '710.00',
    '750.00',
    '910.00',
    '1040.00',
    '1100.00',
    '0.00',
    '1060.00',
    '710.00',
    '770.00',
    '470.00',
    '470.00',
    '510.00',
    '',
  ],
  [
    '1280.00',
    '1170.00',
    '1110.00',
    '1000.00',
    '950.00',
    '880.00',
    '790.00',
    '690.00',
    '620.00',
    '600.00',
    '570.00',
    '480.00',
    '380.00',
    '350.00',
    '310.00',
    '280.00',
    '250.00',
    '240.00',
    '90.00',
    '30.00',
    '0.00',
    '20.00',
    '130.00',
    '200.00',
    '260.00',
    '340.00',
    '390.00',
    '490.00',
    '520.00',
    '650.00',
    '730.00',
    '770.00',
    '800.00',
    '890.00',
    '950.00',
    '1010.00',
    '1100.00',
    '1220.00',
    '1290.00',
    '1310.00',
    '1420.00',
    '1190.00',
    '980.00',
    '480.00',
    '860.00',
    '1070.00',
    '680.00',
    '610.00',
    '940.00',
    '1040.00',
    '480.00',
    '620.00',
    '690.00',
    '800.00',
    '680.00',
    '640.00',
    '680.00',
    '720.00',
    '880.00',
    '1000.00',
    '1060.00',
    '0.00',
    '1100.00',
    '750.00',
    '810.00',
    '430.00',
    '440.00',
    '470.00',
    '',
  ],
  [
    '1300.00',
    '1190.00',
    '1130.00',
    '1020.00',
    '970.00',
    '900.00',
    '810.00',
    '710.00',
    '640.00',
    '620.00',
    '590.00',
    '500.00',
    '400.00',
    '370.00',
    '330.00',
    '300.00',
    '270.00',
    '260.00',
    '110.00',
    '50.00',
    '20.00',
    '0.00',
    '110.00',
    '180.00',
    '240.00',
    '320.00',
    '370.00',
    '470.00',
    '500.00',
    '630.00',
    '710.00',
    '750.00',
    '780.00',
    '870.00',
    '930.00',
    '990.00',
    '1080.00',
    '1200.00',
    '1270.00',
    '1290.00',
    '1400.00',
    '1170.00',
    '1000.00',
    '500.00',
    '880.00',
    '770.00',
    '700.00',
    '630.00',
    '960.00',
    '1060.00',
    '500.00',
    '640.00',
    '710.00',
    '820.00',
    '660.00',
    '620.00',
    '660.00',
    '700.00',
    '860.00',
    '980.00',
    '1040.00',
    '0.00',
    '1120.00',
    '770.00',
    '830.00',
    '410.00',
    '420.00',
    '450.00',
    '',
  ],
  [
    '1410.00',
    '1300.00',
    '1240.00',
    '1130.00',
    '1080.00',
    '1010.00',
    '920.00',
    '820.00',
    '750.00',
    '730.00',
    '700.00',
    '610.00',
    '510.00',
    '480.00',
    '450.00',
    '420.00',
    '390.00',
    '380.00',
    '230.00',
    '170.00',
    '130.00',
    '110.00',
    '0.00',
    '70.00',
    '120.00',
    '210.00',
    '250.00',
    '360.00',
    '390.00',
    '510.00',
    '600.00',
    '630.00',
    '670.00',
    '750.00',
    '810.00',
    '870.00',
    '960.00',
    '1090.00',
    '1160.00',
    '1180.00',
    '1280.00',
    '1060.00',
    '1110.00',
    '610.00',
    '990.00',
    '880.00',
    '810.00',
    '740.00',
    '1070.00',
    '1170.00',
    '610.00',
    '750.00',
    '820.00',
    '930.00',
    '540.00',
    '510.00',
    '540.00',
    '580.00',
    '740.00',
    '870.00',
    '930.00',
    '0.00',
    '1230.00',
    '880.00',
    '940.00',
    '300.00',
    '310.00',
    '340.00',
    '',
  ],
  [
    '1480.00',
    '1370.00',
    '1310.00',
    '1200.00',
    '1150.00',
    '1080.00',
    '990.00',
    '890.00',
    '820.00',
    '800.00',
    '770.00',
    '680.00',
    '580.00',
    '550.00',
    '520.00',
    '480.00',
    '450.00',
    '450.00',
    '300.00',
    '230.00',
    '200.00',
    '180.00',
    '70.00',
    '0.00',
    '60.00',
    '140.00',
    '190.00',
    '290.00',
    '320.00',
    '450.00',
    '530.00',
    '560.00',
    '600.00',
    '690.00',
    '740.00',
    '810.00',
    '900.00',
    '1020.00',
    '1090.00',
    '1110.00',
    '1220.00',
    '990.00',
    '1180.00',
    '680.00',
    '1060.00',
    '950.00',
    '880.00',
    '810.00',
    '1140.00',
    '1240.00',
    '680.00',
    '820.00',
    '890.00',
    '1000.00',
    '480.00',
    '440.00',
    '480.00',
    '520.00',
    '670.00',
    '800.00',
    '860.00',
    '0.00',
    '1300.00',
    '950.00',
    '1010.00',
    '230.00',
    '240.00',
    '270.00',
    '',
  ],
  [
    '1530.00',
    '1420.00',
    '1360.00',
    '1250.00',
    '1200.00',
    '1130.00',
    '1040.00',
    '940.00',
    '870.00',
    '850.00',
    '820.00',
    '730.00',
    '640.00',
    '600.00',
    '570.00',
    '540.00',
    '510.00',
    '500.00',
    '350.00',
    '290.00',
    '260.00',
    '240.00',
    '120.00',
    '60.00',
    '0.00',
    '80.00',
    '130.00',
    '240.00',
    '260.00',
    '390.00',
    '480.00',
    '510.00',
    '550.00',
    '630.00',
    '690.00',
    '750.00',
    '840.00',
    '960.00',
    '1030.00',
    '1050.00',
    '1160.00',
    '930.00',
    '1230.00',
    '730.00',
    '1110.00',
    '1000.00',
    '930.00',
    '860.00',
    '1190.00',
    '1290.00',
    '730.00',
    '870.00',
    '940.00',
    '1050.00',
    '420.00',
    '390.00',
    '420.00',
    '460.00',
    '620.00',
    '750.00',
    '800.00',
    '0.00',
    '1350.00',
    '1000.00',
    '1060.00',
    '170.00',
    '180.00',
    '220.00',
    '',
  ],
  [
    '1620.00',
    '1510.00',
    '1450.00',
    '1340.00',
    '1290.00',
    '1220.00',
    '1130.00',
    '1030.00',
    '960.00',
    '940.00',
    '910.00',
    '820.00',
    '720.00',
    '690.00',
    '660.00',
    '620.00',
    '590.00',
    '590.00',
    '430.00',
    '370.00',
    '340.00',
    '320.00',
    '210.00',
    '140.00',
    '80.00',
    '0.00',
    '90.00',
    '190.00',
    '220.00',
    '350.00',
    '430.00',
    '460.00',
    '500.00',
    '590.00',
    '640.00',
    '710.00',
    '800.00',
    '920.00',
    '990.00',
    '1010.00',
    '1120.00',
    '890.00',
    '1320.00',
    '820.00',
    '1200.00',
    '1090.00',
    '1020.00',
    '950.00',
    '1280.00',
    '1380.00',
    '820.00',
    '960.00',
    '1030.00',
    '1140.00',
    '380.00',
    '340.00',
    '380.00',
    '420.00',
    '580.00',
    '700.00',
    '760.00',
    '0.00',
    '1440.00',
    '1090.00',
    '1150.00',
    '90.00',
    '100.00',
    '130.00',
    '',
  ],
  [
    '1660.00',
    '1550.00',
    '1490.00',
    '1380.00',
    '1330.00',
    '1260.00',
    '1170.00',
    '1070.00',
    '1000.00',
    '980.00',
    '950.00',
    '860.00',
    '770.00',
    '730.00',
    '700.00',
    '670.00',
    '640.00',
    '630.00',
    '480.00',
    '420.00',
    '390.00',
    '370.00',
    '250.00',
    '190.00',
    '130.00',
    '90.00',
    '0.00',
    '110.00',
    '130.00',
    '260.00',
    '350.00',
    '380.00',
    '420.00',
    '500.00',
    '560.00',
    '620.00',
    '710.00',
    '830.00',
    '900.00',
    '920.00',
    '1030.00',
    '800.00',
    '1360.00',
    '860.00',
    '1240.00',
    '1130.00',
    '1060.00',
    '990.00',
    '1320.00',
    '1420.00',
    '860.00',
    '1000.00',
    '1070.00',
    '1180.00',
    '290.00',
    '260.00',
    '290.00',
    '330.00',
    '490.00',
    '620.00',
    '670.00',
    '0.00',
    '1480.00',
    '1130.00',
    '1190.00',
    '180.00',
    '190.00',
    '220.00',
    '',
  ],
  [
    '1770.00',
    '1660.00',
    '1600.00',
    '1490.00',
    '1440.00',
    '1370.00',
    '1280.00',
    '1180.00',
    '1110.00',
    '1090.00',
    '1060.00',
    '970.00',
    '870.00',
    '840.00',
    '810.00',
    '780.00',
    '750.00',
    '740.00',
    '590.00',
    '530.00',
    '490.00',
    '470.00',
    '360.00',
    '290.00',
    '240.00',
    '190.00',
    '110.00',
    '0.00',
    '30.00',
    '150.00',
    '240.00',
    '270.00',
    '310.00',
    '390.00',
    '450.00',
    '510.00',
    '600.00',
    '720.00',
    '800.00',
    '810.00',
    '920.00',
    '700.00',
    '1470.00',
    '970.00',
    '1350.00',
    '1240.00',
    '1170.00',
    '1100.00',
    '1430.00',
    '1530.00',
    '970.00',
    '1110.00',
    '1180.00',
    '1290.00',
    '180.00',
    '150.00',
    '180.00',
    '220.00',
    '380.00',
    '510.00',
    '570.00',
    '0.00',
    '1590.00',
    '1240.00',
    '1300.00',
    '290.00',
    '300.00',
    '330.00',
    '',
  ],
  [
    '1800.00',
    '1690.00',
    '1630.00',
    '1520.00',
    '1470.00',
    '1400.00',
    '1310.00',
    '1210.00',
    '1140.00',
    '1120.00',
    '1090.00',
    '1000.00',
    '900.00',
    '870.00',
    '840.00',
    '800.00',
    '770.00',
    '770.00',
    '610.00',
    '550.00',
    '520.00',
    '500.00',
    '390.00',
    '320.00',
    '260.00',
    '220.00',
    '130.00',
    '30.00',
    '0.00',
    '130.00',
    '210.00',
    '240.00',
    '280.00',
    '370.00',
    '420.00',
    '490.00',
    '580.00',
    '700.00',
    '770.00',
    '790.00',
    '900.00',
    '670.00',
    '1500.00',
    '1000.00',
    '1380.00',
    '1270.00',
    '1200.00',
    '1130.00',
    '1460.00',
    '1560.00',
    '1000.00',
    '1140.00',
    '1210.00',
    '1320.00',
    '160.00',
    '120.00',
    '160.00',
    '200.00',
    '360.00',
    '480.00',
    '540.00',
    '0.00',
    '1620.00',
    '1270.00',
    '1330.00',
    '310.00',
    '320.00',
    '350.00',
    '',
  ],
  [
    '1930.00',
    '1820.00',
    '1760.00',
    '1650.00',
    '1600.00',
    '1530.00',
    '1440.00',
    '1340.00',
    '1270.00',
    '1250.00',
    '1220.00',
    '1130.00',
    '1030.00',
    '990.00',
    '960.00',
    '930.00',
    '900.00',
    '890.00',
    '740.00',
    '680.00',
    '650.00',
    '630.00',
    '510.00',
    '450.00',
    '390.00',
    '350.00',
    '260.00',
    '150.00',
    '130.00',
    '0.00',
    '80.00',
    '120.00',
    '150.00',
    '240.00',
    '300.00',
    '360.00',
    '450.00',
    '570.00',
    '640.00',
    '660.00',
    '770.00',
    '580.00',
    '1630.00',
    '1130.00',
    '1510.00',
    '1400.00',
    '1330.00',
    '1260.00',
    '1590.00',
    '1690.00',
    '1130.00',
    '1270.00',
    '1340.00',
    '1450.00',
    '30.00',
    '30.00',
    '70.00',
    '110.00',
    '260.00',
    '390.00',
    '450.00',
    '0.00',
    '1750.00',
    '1400.00',
    '1460.00',
    '440.00',
    '450.00',
    '480.00',
    '',
  ],
  [
    '2010.00',
    '1900.00',
    '1840.00',
    '1730.00',
    '1680.00',
    '1610.00',
    '1520.00',
    '1420.00',
    '1350.00',
    '1330.00',
    '1300.00',
    '1210.00',
    '1110.00',
    '1080.00',
    '1050.00',
    '1020.00',
    '990.00',
    '980.00',
    '830.00',
    '770.00',
    '730.00',
    '710.00',
    '600.00',
    '530.00',
    '480.00',
    '430.00',
    '350.00',
    '240.00',
    '210.00',
    '80.00',
    '0.00',
    '30.00',
    '70.00',
    '150.00',
    '210.00',
    '270.00',
    '370.00',
    '490.00',
    '560.00',
    '580.00',
    '680.00',
    '660.00',
    '1710.00',
    '80.00',
    '1590.00',
    '1480.00',
    '1410.00',
    '1340.00',
    '1670.00',
    '1770.00',
    '1210.00',
    '1350.00',
    '1420.00',
    '1530.00',
    '60.00',
    '120.00',
    '150.00',
    '190.00',
    '350.00',
    '480.00',
    '530.00',
    '0.00',
    '1830.00',
    '1480.00',
    '1540.00',
    '520.00',
    '530.00',
    '570.00',
    '',
  ],
  [
    '2050.00',
    '1940.00',
    '1880.00',
    '1770.00',
    '1720.00',
    '1650.00',
    '1560.00',
    '1460.00',
    '1390.00',
    '1370.00',
    '1340.00',
    '1240.00',
    '1140.00',
    '1110.00',
    '1080.00',
    '1050.00',
    '1020.00',
    '1010.00',
    '860.00',
    '800.00',
    '770.00',
    '750.00',
    '630.00',
    '560.00',
    '510.00',
    '460.00',
    '380.00',
    '270.00',
    '240.00',
    '120.00',
    '30.00',
    '0.00',
    '40.00',
    '120.00',
    '180.00',
    '240.00',
    '330.00',
    '450.00',
    '520.00',
    '540.00',
    '650.00',
    '690.00',
    '1750.00',
    '120.00',
    '1630.00',
    '1520.00',
    '1450.00',
    '1380.00',
    '1710.00',
    '1810.00',
    '1250.00',
    '1390.00',
    '1460.00',
    '1570.00',
    '90.00',
    '150.00',
    '180.00',
    '220.00',
    '380.00',
    '510.00',
    '570.00',
    '0.00',
    '1860.00',
    '1510.00',
    '1570.00',
    '560.00',
    '570.00',
    '600.00',
    '',
  ],
  [
    '2080.00',
    '1970.00',
    '1910.00',
    '1800.00',
    '1750.00',
    '1680.00',
    '1590.00',
    '1490.00',
    '1420.00',
    '1400.00',
    '1370.00',
    '1280.00',
    '1180.00',
    '1150.00',
    '1120.00',
    '1090.00',
    '1060.00',
    '1050.00',
    '900.00',
    '840.00',
    '800.00',
    '780.00',
    '670.00',
    '600.00',
    '550.00',
    '500.00',
    '420.00',
    '310.00',
    '280.00',
    '150.00',
    '70.00',
    '40.00',
    '0.00',
    '80.00',
    '140.00',
    '210.00',
    '300.00',
    '420.00',
    '490.00',
    '510.00',
    '610.00',
    '730.00',
    '1780.00',
    '150.00',
    '1660.00',
    '1550.00',
    '1480.00',
    '1410.00',
    '1740.00',
    '1740.00',
    '1280.00',
    '1420.00',
    '1490.00',
    '1600.00',
    '120.00',
    '190.00',
    '220.00',
    '260.00',
    '420.00',
    '540.00',
    '600.00',
    '0.00',
    '1900.00',
    '1550.00',
    '1610.00',
    '590.00',
    '600.00',
    '640.00',
    '',
  ],
  [
    '2170.00',
    '2060.00',
    '2000.00',
    '1890.00',
    '1840.00',
    '1770.00',
    '1680.00',
    '1580.00',
    '1510.00',
    '1490.00',
    '1460.00',
    '1360.00',
    '1270.00',
    '1230.00',
    '1200.00',
    '1170.00',
    '1140.00',
    '1130.00',
    '980.00',
    '920.00',
    '890.00',
    '870.00',
    '750.00',
    '690.00',
    '630.00',
    '590.00',
    '500.00',
    '390.00',
    '370.00',
    '240.00',
    '150.00',
    '120.00',
    '80.00',
    '0.00',
    '60.00',
    '120.00',
    '210.00',
    '330.00',
    '400.00',
    '420.00',
    '530.00',
    '820.00',
    '1870.00',
    '240.00',
    '1750.00',
    '1640.00',
    '1570.00',
    '1500.00',
    '1830.00',
    '1930.00',
    '1370.00',
    '1510.00',
    '1580.00',
    '1690.00',
    '210.00',
    '270.00',
    '310.00',
    '340.00',
    '500.00',
    '630.00',
    '690.00',
    '0.00',
    '1980.00',
    '1630.00',
    '1690.00',
    '680.00',
    '690.00',
    '720.00',
    '',
  ],
  [
    '2230.00',
    '2120.00',
    '2060.00',
    '1950.00',
    '1900.00',
    '1830.00',
    '1740.00',
    '1640.00',
    '1570.00',
    '1550.00',
    '1520.00',
    '1420.00',
    '1330.00',
    '1290.00',
    '1260.00',
    '1230.00',
    '1200.00',
    '1190.00',
    '1040.00',
    '980.00',
    '950.00',
    '930.00',
    '810.00',
    '740.00',
    '690.00',
    '640.00',
    '560.00',
    '450.00',
    '420.00',
    '300.00',
    '210.00',
    '180.00',
    '140.00',
    '60.00',
    '0.00',
    '60.00',
    '150.00',
    '270.00',
    '340.00',
    '360.00',
    '470.00',
    '880.00',
    '1930.00',
    '300.00',
    '1810.00',
    '1760.00',
    '1630.00',
    '1560.00',
    '1890.00',
    '1990.00',
    '1430.00',
    '1570.00',
    '1640.00',
    '1750.00',
    '270.00',
    '330.00',
    '360.00',
    '400.00',
    '560.00',
    '690.00',
    '750.00',
    '0.00',
    '2040.00',
    '1690.00',
    '1750.00',
    '1600.00',
    '1610.00',
    '1640.00',
    '',
  ],
  [
    '2290.00',
    '2180.00',
    '2120.00',
    '2010.00',
    '1960.00',
    '1890.00',
    '1800.00',
    '1700.00',
    '1630.00',
    '1610.00',
    '1580.00',
    '1490.00',
    '1390.00',
    '1350.00',
    '1320.00',
    '1290.00',
    '1260.00',
    '1250.00',
    '1100.00',
    '1040.00',
    '1010.00',
    '990.00',
    '870.00',
    '810.00',
    '750.00',
    '710.00',
    '620.00',
    '510.00',
    '490.00',
    '360.00',
    '270.00',
    '240.00',
    '210.00',
    '120.00',
    '60.00',
    '0.00',
    '90.00',
    '210.00',
    '280.00',
    '300.00',
    '410.00',
    '940.00',
    '1990.00',
    '360.00',
    '1870.00',
    '1850.00',
    '1690.00',
    '1620.00',
    '1950.00',
    '2050.00',
    '1490.00',
    '1630.00',
    '1700.00',
    '1810.00',
    '330.00',
    '390.00',
    '430.00',
    '460.00',
    '620.00',
    '750.00',
    '810.00',
    '0.00',
    '2110.00',
    '1760.00',
    '1820.00',
    '800.00',
    '810.00',
    '840.00',
    '',
  ],
  [
    '2380.00',
    '2270.00',
    '2210.00',
    '2100.00',
    '2050.00',
    '1980.00',
    '1890.00',
    '1790.00',
    '1720.00',
    '1700.00',
    '1670.00',
    '1580.00',
    '1480.00',
    '1440.00',
    '1410.00',
    '1380.00',
    '1350.00',
    '1340.00',
    '1190.00',
    '1130.00',
    '1100.00',
    '1080.00',
    '960.00',
    '900.00',
    '840.00',
    '800.00',
    '710.00',
    '600.00',
    '580.00',
    '450.00',
    '370.00',
    '330.00',
    '300.00',
    '210.00',
    '150.00',
    '90.00',
    '0.00',
    '120.00',
    '190.00',
    '210.00',
    '320.00',
    '1030.00',
    '2080.00',
    '450.00',
    '1960.00',
    '1970.00',
    '1780.00',
    '1710.00',
    '2040.00',
    '2140.00',
    '1580.00',
    '1720.00',
    '1790.00',
    '1900.00',
    '420.00',
    '480.00',
    '520.00',
    '560.00',
    '710.00',
    '840.00',
    '900.00',
    '0.00',
    '2200.00',
    '1850.00',
    '1910.00',
    '890.00',
    '900.00',
    '930.00',
    '',
  ],
  [
    '2500.00',
    '2390.00',
    '2330.00',
    '2220.00',
    '2170.00',
    '2100.00',
    '2010.00',
    '1910.00',
    '1840.00',
    '1820.00',
    '1790.00',
    '1700.00',
    '1600.00',
    '1570.00',
    '1530.00',
    '1500.00',
    '1470.00',
    '1460.00',
    '1310.00',
    '1250.00',
    '1220.00',
    '1200.00',
    '1090.00',
    '1020.00',
    '960.00',
    '920.00',
    '830.00',
    '720.00',
    '700.00',
    '570.00',
    '490.00',
    '450.00',
    '420.00',
    '330.00',
    '270.00',
    '210.00',
    '120.00',
    '0.00',
    '70.00',
    '90.00',
    '200.00',
    '1150.00',
    '2200.00',
    '570.00',
    '2080.00',
    '2040.00',
    '1900.00',
    '1830.00',
    '2040.00',
    '2260.00',
    '1700.00',
    '1840.00',
    '1910.00',
    '2020.00',
    '540.00',
    '600.00',
    '640.00',
    '680.00',
    '830.00',
    '960.00',
    '1020.00',
    '0.00',
    '2320.00',
    '1970.00',
    '2030.00',
    '1010.00',
    '1020.00',
    '1050.00',
    '',
  ],
  [
    '2570.00',
    '2460.00',
    '2400.00',
    '2290.00',
    '2240.00',
    '2170.00',
    '2080.00',
    '1980.00',
    '1910.00',
    '1890.00',
    '1860.00',
    '1770.00',
    '1670.00',
    '1640.00',
    '1600.00',
    '1570.00',
    '1540.00',
    '1530.00',
    '1380.00',
    '1320.00',
    '1290.00',
    '1270.00',
    '1160.00',
    '1090.00',
    '1030.00',
    '990.00',
    '900.00',
    '800.00',
    '770.00',
    '640.00',
    '560.00',
    '520.00',
    '490.00',
    '400.00',
    '340.00',
    '280.00',
    '190.00',
    '70.00',
    '0.00',
    '20.00',
    '130.00',
    '1220.00',
    '2270.00',
    '640.00',
    '2150.00',
    '2060.00',
    '1970.00',
    '1900.00',
    '2160.00',
    '2330.00',
    '1770.00',
    '640.00',
    '1980.00',
    '2090.00',
    '610.00',
    '670.00',
    '710.00',
    '750.00',
    '900.00',
    '1030.00',
    '1090.00',
    '0.00',
    '2390.00',
    '2040.00',
    '2100.00',
    '1080.00',
    '1090.00',
    '1120.00',
    '',
  ],
  [
    '2590.00',
    '2480.00',
    '2420.00',
    '2310.00',
    '2260.00',
    '2190.00',
    '2100.00',
    '2000.00',
    '1930.00',
    '1910.00',
    '1880.00',
    '1790.00',
    '1690.00',
    '1660.00',
    '1620.00',
    '1590.00',
    '1560.00',
    '1550.00',
    '1400.00',
    '1340.00',
    '1310.00',
    '1290.00',
    '1180.00',
    '1110.00',
    '1050.00',
    '1010.00',
    '920.00',
    '810.00',
    '790.00',
    '660.00',
    '580.00',
    '540.00',
    '510.00',
    '420.00',
    '360.00',
    '300.00',
    '210.00',
    '90.00',
    '20.00',
    '0.00',
    '110.00',
    '1240.00',
    '2290.00',
    '660.00',
    '2170.00',
    '2170.00',
    '1990.00',
    '1920.00',
    '2230.00',
    '2350.00',
    '1790.00',
    '1930.00',
    '2000.00',
    '2110.00',
    '630.00',
    '690.00',
    '730.00',
    '770.00',
    '920.00',
    '1050.00',
    '1110.00',
    '0.00',
    '2410.00',
    '2060.00',
    '2120.00',
    '1100.00',
    '1110.00',
    '1140.00',
    '',
  ],
  [
    '2700.00',
    '2590.00',
    '2530.00',
    '2420.00',
    '2370.00',
    '2300.00',
    '2210.00',
    '2110.00',
    '2040.00',
    '2020.00',
    '1980.00',
    '1890.00',
    '1800.00',
    '1760.00',
    '1730.00',
    '1700.00',
    '1670.00',
    '1660.00',
    '1510.00',
    '1450.00',
    '1420.00',
    '1400.00',
    '1280.00',
    '1220.00',
    '1160.00',
    '1120.00',
    '1030.00',
    '920.00',
    '900.00',
